2 8890 6517 
2 8773 2736 
2 7013 7206 
2 2384 1855 
2 8670 5071 
2 4679 4887 
2 719 2591 
2 6252 7948 
2 1135 1880 
4 1178 8088 9569 204 
3 7109 2573 3559 
2 563 3202 
2 3654 9287 
7 6031 3321 8397 7304 142 3458 8942 
2 7468 7678 
2 3696 3539 
2 7227 4818 
2 2418 8727 
2 3578 4796 
2 9121 6527 
3 2015 3647 6600 
2 6321 2887 
4 9550 2660 4476 1403 
3 6403 5480 3028 
2 7716 6753 
2 2176 820 
3 8758 9459 3507 
2 8227 5067 
3 7913 7575 1190 
3 9913 3358 6610 
4 1105 476 6441 7937 
3 8878 6377 2445 
2 311 7110 
2 6039 1817 
2 4829 5903 
3 9449 5983 7376 
2 5991 2939 
2 5649 5982 
2 7325 7909 
3 8184 6544 8345 
2 8578 2053 
4 7862 5091 5891 8308 
2 8965 4941 
2 1563 4027 
2 3708 8563 
4 549 4948 2718 6018 
4 1776 768 7804 1344 
2 8967 4325 
30 2735 1335 1097 4894 5902 2327 6044 4098 7230 9544 5654 7768 8803 9180 8447 5359 849 6927 459 7817 3701 6589 2406 8476 4419 2237 362 8276 5889 6311 
2 1192 1626 
2 9927 8722 
4 4644 9954 4390 1594 
3 6912 9377 6521 
2 3608 4471 
2 2297 1399 
2 666 1159 
30 3580 5934 4066 4536 1438 1447 4260 4537 8158 8410 498 9751 1346 1797 7456 8665 2052 6094 6904 5862 5851 7280 4931 8354 8441 1249 2035 1699 1093 2540 
2 3147 5441 
2 306 8994 
16 7957 474 8520 8086 8459 7224 9090 7319 6529 8915 7864 7663 6480 8237 3225 8895 
3 8711 3936 9999 
10 3090 4435 9619 7088 1113 3168 4635 7379 3230 3207 
4 1560 7108 3760 1015 
2 1803 1339 
32 1209 7928 4307 372 741 8784 2305 4558 7710 2442 2077 4607 8761 9505 2852 2362 83 2319 8576 9298 547 6077 4762 1296 3852 8058 7597 5048 4901 9323 9875 4530 
26 9313 2695 4309 9325 567 2869 6884 6200 854 35 5662 3334 5156 5511 1016 4135 6320 5072 3387 8299 2795 9909 9960 1722 3172 4509 
2 8071 2669 
2 1778 1000 
2 4011 3341 
2 364 6686 
19 3055 6822 1993 8406 9523 3667 1024 7198 2512 2915 977 1835 2857 2706 8099 4830 613 9798 5985 
2 1874 2758 
3 6745 8306 7600 
2 9483 7773 
2 5332 5226 
27 4058 7657 1879 1315 7455 9996 8449 7129 9463 1430 9011 2333 6279 1561 6251 7501 907 6619 4001 6229 9647 7452 73 4162 8304 6124 2326 
2 499 492 
2 4411 3491 
2 6879 7433 
3 1973 8303 8364 
5 1040 8102 5245 3291 3560 
3 873 2212 7519 
9 7929 957 5693 9581 1414 8290 7196 23 6960 
3 1269 4467 4646 
2 7355 2528 
2 368 7581 
2 9925 8596 
2 3381 8824 
2 8192 9803 
5 9563 6724 2944 9349 7025 
2 7347 4469 
5 7346 8968 3111 4700 2658 
2 7444 8730 
2 1208 9868 
2 9252 7632 
3 9864 1381 4557 
3 7779 2346 3246 
20 8292 2061 6965 4090 7911 3311 4648 5829 1674 507 6399 8902 951 7643 5481 7680 524 1682 6363 9914 
2 3362 9824 
17 1273 6381 700 5970 4842 7889 7156 5222 2589 6740 5377 3865 3403 9357 7778 1695 2620 
7 4078 8342 6913 5858 5307 1146 4793 
2 9251 978 
13 4758 6228 4379 6633 1866 8189 4475 5500 7686 3414 6222 6238 3870 
3 1194 5562 1555 
2 3614 180 
29 8950 6466 8787 477 1406 1852 2742 3773 2511 9345 3249 4854 9819 2250 2942 767 6868 3635 5986 6588 7096 6683 5936 8633 7056 5392 8837 5896 1562 
3 4717 7809 9489 
2 6190 7813 
33 6541 6663 4143 6916 8932 6780 8149 699 2828 3029 7430 8614 6575 5189 7912 5701 8207 5394 4016 6235 5105 21 9894 3438 7743 8658 1858 5772 5131 4925 8430 8862 2816 
29 1867 7401 376 1201 2404 826 9151 4834 7777 5208 2909 3845 9264 6513 5639 5186 4527 2493 3642 9841 747 8365 9465 2725 1952 5010 1540 4760 1247 
2 1376 9921 
2 7464 5513 
4 3693 4352 872 4483 
19 5018 7429 156 6659 5070 1428 6223 7857 2443 3973 3650 3955 6577 2050 6207 6291 6148 1951 7603 
6 1002 1844 3809 54 8684 757 
27 1992 2247 8587 9820 9976 1228 1384 8566 4705 6430 7097 7028 5710 382 7926 5532 4092 8857 4073 2690 4468 4191 7476 6193 1285 1691 4292 
15 5717 3555 9291 8029 3655 2006 4836 9702 9105 6825 933 2291 1959 8402 8753 
17 7119 7711 1407 3697 9046 1651 1421 9636 493 4415 3906 388 6462 8218 8478 8422 446 
20 3371 3030 3692 6815 1860 3025 3758 1326 1843 98 7114 4709 5621 9607 5021 2653 9533 8199 1821 923 
34 7952 3629 219 6502 7877 6654 5358 1734 5990 8157 2455 9926 3640 9575 7668 448 2105 2547 9159 8988 2037 2565 3470 1203 8755 600 4603 6443 3832 6499 251 5467 9796 1425 
20 4214 29 6189 2507 8302 7210 5295 2382 4826 47 1252 5748 2191 5317 1533 7292 3822 8097 264 9910 
17 7561 8564 113 1838 5402 3104 4815 9815 9804 4673 4636 881 6114 6583 3388 1327 4296 
2 4520 773 
2 4070 8253 
14 5868 7956 117 5161 3281 1090 5721 2166 761 2731 7342 908 1027 1713 
2 5371 9723 
3 7284 2486 9600 
2 2288 8330 
2 1067 8433 
5 4048 7122 1706 3656 9304 
2 1319 5059 
2 7613 9049 
2 9763 9515 
15 187 6198 9216 3855 7229 6269 6418 9402 6164 3005 4629 39 8413 1922 7458 
2 9044 9520 
29 6670 622 580 8840 5615 9137 2123 271 9385 4493 8421 5847 6416 5356 1639 4326 5221 4712 9754 9919 8340 3926 4926 5731 1731 7590 3526 2625 124 
40 5324 713 2986 7799 2316 2571 88 9020 554 4618 8376 5510 4910 8629 3317 9640 2904 6942 6523 9705 5428 7642 8116 4858 8937 8150 8063 4857 2931 1463 5132 9471 7706 8702 5754 8663 1495 4600 4542 5456 
18 6412 9675 8395 6794 5343 9649 8728 6473 3114 3325 2551 7344 3173 7296 3086 5296 4898 5865 
37 7070 2356 4637 2559 9626 3817 190 8484 1372 9974 5890 5636 1240 6922 6029 5656 529 161 3583 5539 4384 5962 6907 8383 1842 7536 8318 9863 3001 8206 5346 1107 171 5078 4977 432 4197 
33 1757 2432 519 9631 9757 3921 8681 7253 6814 92 6425 3636 5792 8176 1930 4472 7770 5992 8748 9080 6810 5080 4175 3610 9399 340 8356 5850 9669 4817 7943 4354 4865 
40 9084 2465 1815 3743 9733 6199 9851 9274 2963 1030 1804 1830 1955 4376 9628 982 3993 4544 3783 3451 5835 106 9027 7080 282 1768 4280 9848 1853 3472 351 6306 4943 4149 6310 9499 5057 669 8147 7133 
2 3193 2430 
41 568 6695 61 222 5860 273 5948 6457 3196 5818 8979 3461 2657 7465 6718 7554 3105 4115 3459 7883 4285 5892 8652 1902 1496 1942 374 7078 3699 9378 9643 1749 905 7703 6860 4726 736 609 7702 535 7899 
2 5553 2866 
33 1978 8736 739 7104 4194 3129 8425 9805 3821 6498 4938 8155 3073 9165 3675 6491 4274 9908 5486 7340 4060 813 5152 1936 269 5345 9468 4680 4242 8327 3525 6539 2704 
2 7684 9360 
15 3442 6831 3607 8204 489 9935 8509 277 5491 212 2000 4877 81 8111 8047 
2 4006 9693 
24 2519 3338 9712 425 5076 7614 572 3231 4272 4443 4688 3796 9233 2489 8010 3996 855 7054 2114 954 8877 6964 1118 7487 
2 1023 5478 
31 303 7040 8703 4495 8271 2324 6361 3918 1609 3236 5049 502 9255 8536 6450 8379 6719 1676 1459 9366 3575 1487 3211 9240 5215 2003 9667 6632 8929 0 5531 
2 9186 2951 
3 1529 1061 4181 
2 4528 5578 
34 375 6160 4687 7399 9920 5885 8040 2523 164 3818 9429 8285 9738 9975 4227 1417 3524 3970 1598 991 9718 2190 3661 9572 2549 5336 7426 6314 4269 6827 4541 6046 4303 6060 
38 9847 9283 2941 7640 5086 4882 769 5213 6123 3951 3572 1635 4935 199 1550 4137 4704 4782 6078 5212 2320 3050 9724 8620 9826 4614 5882 5117 184 4096 7367 9699 9266 2902 2516 6603 5230 6919 
37 4494 2429 1883 2603 2424 2106 6455 8309 3411 1723 9795 6652 5601 9276 2585 9564 8300 5933 5603 7998 2702 732 9470 6846 9621 1816 9389 9197 5928 3720 5845 140 1398 5458 5931 1939 1244 
35 8731 9409 6961 8675 4601 4346 5218 3410 2531 328 3024 6168 2539 5120 2982 2181 9654 300 8653 5830 7793 9167 7483 3404 2054 5785 2933 1071 4856 4612 2219 3427 3059 3741 8215 
34 6901 4150 2278 9207 7612 8055 3067 5466 6410 3199 608 7277 9202 3669 4615 3930 833 6503 3263 8334 4335 3004 1787 9756 17 6289 8322 7233 6010 4451 6448 108 7836 1277 
37 1138 6706 8518 3564 1528 6656 627 6747 7471 1530 565 9382 2967 6202 9617 5584 5783 7034 7364 8266 9570 1282 4777 6298 2407 8697 5303 8417 1321 2759 3745 5121 1868 8156 4563 7 2843 
2 1246 4301 
33 4071 2917 84 1735 3049 1353 5881 8435 394 892 4414 1251 7117 730 8370 6526 4686 5815 4119 852 4371 4236 686 5827 2844 8427 7107 7358 1426 9986 7954 707 1642 
2 9346 641 
2 4588 4417 
2 2412 4604 
36 3167 268 6456 7140 1593 2520 9087 9602 8328 4575 4196 3375 9477 5477 6402 9684 8909 5782 5375 4121 1551 232 863 9547 2808 2438 9365 2638 2579 7338 1400 1060 2728 3688 1599 635 
2 9249 6143 
2 8719 5886 
25 8477 5335 921 3393 883 4773 3570 8460 2715 3379 9244 2868 6117 7033 3920 8084 1661 4284 9525 9010 6295 7024 6388 2922 4298 
2 2751 6591 
2 4838 1545 
2 9019 7621 
2 233 7061 
31 1515 2883 3457 9752 8179 3333 2748 2720 8426 5425 3354 8420 3116 2209 3594 2074 379 694 5102 8565 4373 8125 8935 9373 1076 8999 1680 2820 4577 4490 7834 
38 734 4586 3546 8213 9405 2536 4693 3170 2899 5214 1267 1625 8791 6985 102 6818 7000 7162 8159 2174 9457 5674 889 5708 8550 9597 7729 9883 8387 7012 8579 1611 3563 5926 1086 242 3558 4047 
2 3729 8553 
2 6515 3288 
30 1005 9979 9901 6649 7064 5237 2026 4661 3990 1794 3068 3910 8774 9666 9964 5158 5794 5347 3980 189 129 1851 6847 5745 1772 3898 5095 8278 7042 8217 
2 7453 2709 
3 1206 8788 1022 
2 7075 1140 
1 5968 
2 4138 6665 
31 3549 8962 2008 4788 3409 3651 2422 2641 7975 9030 3092 57 4645 8595 3530 6910 8918 6856 515 9232 2197 6938 3344 1895 5912 5328 9301 1007 393 6840 868 
5 7147 229 8825 9690 9776 
27 6607 7020 3138 6155 4112 8209 9512 6669 1142 9527 5310 5135 2470 2612 3075 9456 6830 8886 5084 4862 2024 8141 8860 2202 685 3914 2554 
12 7891 7314 6327 8464 6173 8020 708 442 5724 8904 5914 7972 
5 8605 389 5272 2253 7281 
3 2717 1143 7482 
2 310 835 
5 6463 4052 4678 4311 8778 
17 3253 1888 5445 9670 6694 7141 2788 7810 6735 3557 2896 8245 6548 5134 798 1744 4321 
21 4839 5809 7143 2021 6192 3351 8129 2093 6707 2340 2817 6637 5430 5788 4671 3248 8714 9271 289 4127 1378 
24 4525 606 8167 5803 2377 2856 5451 5453 2648 4087 1308 800 1854 3774 4222 4402 14 9585 1234 1760 401 8319 2897 9476 
5 4329 4361 7368 4755 6087 
29 3008 8458 726 4084 9503 7102 8353 1222 2966 3496 4024 1199 1168 6886 1098 2978 3977 4997 3519 5325 2257 8269 598 4517 4 2243 2750 2165 6828 
4 7990 2007 3185 6492 
2 1785 4949 
34 8329 3471 5192 8708 6952 9411 1637 1784 945 3424 6206 7677 1580 9297 4875 9464 1587 6186 6197 4496 4802 5340 3968 1416 2309 5414 4774 3703 3322 4961 6434 9747 8540 8898 
2 3709 8139 
2 5444 7239 
2 2541 3861 
3 4420 2463 9350 
39 3307 2135 1833 672 8698 9698 8630 4184 8832 718 1986 3816 7683 4713 9685 8973 2673 3319 9742 8072 6932 3811 8140 7907 8689 3545 3981 3061 6646 334 7589 2873 5683 2349 6153 8083 1576 2457 2746 
3 9418 9048 6520 
3 6744 3088 5883 
12 9985 7373 4207 8609 780 5298 3502 15 3232 5344 7760 5127 
14 9140 5235 7318 6277 696 6662 8792 1773 6293 4450 984 7142 5593 4868 
30 9679 1313 8133 9549 1121 5957 7135 6630 6012 1480 9219 9419 518 6578 4845 9866 3521 7047 1806 8197 1753 1291 7216 9955 6895 1987 9206 7989 2677 6934 
13 789 7329 3717 5955 2112 7152 3829 3429 6737 6313 3476 5919 7522 
2 3824 437 
6 5780 1131 8572 706 1254 8674 
3 7506 807 9099 
16 9579 5679 5913 8431 3083 5908 1541 3081 5732 3096 6954 9898 6250 4015 8726 9829 
24 6150 4255 9845 640 1913 1177 2173 3439 4930 5582 7718 6733 7315 836 4004 9181 2953 592 4548 7359 1377 5687 6616 4987 
2 4317 240 
28 8640 2576 8559 4848 6265 3966 7685 8085 6984 9731 6367 886 2753 8798 2835 9785 3992 4985 7403 5255 4460 558 75 4082 8934 994 7649 60 
3 7362 5597 7509 
41 5440 3988 5341 1543 9514 9187 6689 19 9406 5393 3208 6110 3989 2566 7451 4246 417 3840 1863 354 2290 2164 5514 7503 458 8366 9780 8014 6283 8416 7420 3567 1420 8759 2354 2752 9599 6322 4716 9088 5179 
3 5969 4580 4474 
2 3827 4778 
2 8571 8000 
41 297 585 7293 7499 5716 658 7180 4885 9052 2784 9813 1630 4437 69 5668 9620 4028 100 1239 8030 3122 7516 969 6699 1814 5039 9079 2948 4168 6675 2707 8931 6701 571 9885 7708 7832 3014 1575 2880 3825 
2 6090 1559 
31 9003 920 2920 9625 4233 9064 3058 3420 2732 7785 7425 9481 1531 2599 9479 742 5733 9678 420 414 3497 5607 9279 149 1116 3273 9434 6889 962 7307 131 
2 7015 3755 
2 943 8119 
4 1956 2502 7290 5030 
2 4736 1064 
31 5300 3149 5381 7709 3294 1605 4781 24 5856 513 3368 601 2293 7380 1949 4397 1297 5540 5124 3767 6382 532 7992 1549 185 804 2823 9854 9865 2814 3224 
13 211 5426 9516 4584 5941 9474 4351 152 4482 1322 5281 7713 913 
30 6424 5424 2313 6404 1170 7704 9852 3176 2838 4583 3200 7557 7226 7019 4656 8585 7631 7275 3292 7145 6389 1525 6769 9760 5151 2855 9642 7181 7753 6524 
28 6263 378 9002 5579 6716 1725 5064 9230 7560 7806 2535 5872 8400 7734 9221 9113 6661 3484 5068 8315 7744 8839 914 2353 6559 7586 1892 9931 
3 5979 4337 4332 
1 9530 
1 9359 
8 423 4008 8679 4572 6278 9787 6644 5376 
29 2774 8489 5304 2233 8739 3869 1689 2791 2975 1272 8224 209 3396 4605 9810 4029 6146 928 8064 7113 4853 6176 1825 8053 4193 2475 5493 8913 638 
24 445 1664 7965 3245 1323 1512 8073 3833 5917 6647 8038 9741 5559 2501 4950 9708 1096 8780 1484 5549 4820 3611 4766 2450 
1 1114 
4 2099 9750 763 7017 
3 5975 1356 9097 
3 9740 4492 5460 
3 4065 7383 1998 
4 174 3298 8606 3237 
19 6208 2881 6357 2171 2693 9246 4235 7635 1368 2500 4639 4480 7478 257 262 418 9726 6690 1662 
19 8175 6783 5497 1947 2315 9376 4232 2793 5136 5496 2092 8456 3234 932 4118 2583 5811 7182 8013 
2 2177 6152 
19 8546 2343 3432 8511 1175 6447 9833 5614 450 3019 1906 1643 3464 2096 748 5773 7946 1805 5688 
28 3257 1724 5743 8557 6752 4208 2020 6356 146 7816 874 8864 2402 3905 6617 9837 4470 2642 6486 5104 77 2001 3595 2091 1390 1087 7393 5790 
1 766 
1 1284 
2 7655 644 
38 2949 6807 5598 5769 7188 610 2738 7463 9473 6843 3160 6924 6068 4200 4080 3490 7792 2335 41 506 5837 8772 2639 6013 2216 6103 6301 5622 9661 4025 4625 9856 3282 7841 8230 6285 2593 5895 
2 5573 5190 
1 6834 
1 3638 
21 9707 871 4481 1872 6582 4314 2670 537 3748 2268 4210 625 426 5671 4971 4963 4077 18 5836 998 976 
1 2265 
1 1546 
1 1018 
21 5299 4094 1066 9462 4394 4190 859 8720 1155 6055 6105 5153 2136 1129 5148 2157 7044 6955 4133 1258 20 
1 3367 
16 864 9191 2079 1564 9487 6851 2981 8244 6460 2308 9509 367 5705 9451 6349 4374 
1 218 
29 3527 5227 3826 4387 1013 4507 8274 3188 3169 5382 315 9054 5564 2248 2497 6157 5062 434 6267 6773 1782 2739 2749 6775 7268 6768 165 7964 5125 
16 3739 9100 2240 4245 4939 2534 4550 4559 8048 1654 3023 4936 4811 8538 4691 322 
1 2448 
4 5742 7844 5665 3035 
25 3540 7553 5487 9768 4164 8892 6409 3191 8856 6903 4403 8259 3694 8819 332 2984 7411 454 6495 7068 9648 5046 2492 9488 2130 
1 5254 
30 1492 9166 4706 7475 3976 9965 248 439 95 9680 5663 8188 5576 141 6062 6962 9492 6253 1981 7754 6089 9748 8317 8986 4165 9973 6792 7095 2615 8893 
22 9109 1634 267 1369 7849 3290 5291 8254 8298 2461 808 5168 964 4211 860 5365 6104 1083 5544 1878 1663 1120 
20 5954 9556 326 856 5169 2128 4347 7316 9270 2796 1094 3508 7930 3350 7305 5096 6988 2499 1652 9024 
21 3430 8440 6536 5920 4205 1245 8945 5777 330 9353 9534 6042 8958 9663 6325 6226 3407 6049 438 8623 7467 
30 8024 2714 3103 9412 1588 150 2973 6711 7994 4088 6280 1460 1415 6558 318 2760 4768 3428 2371 2587 1486 8723 5176 7378 307 5570 3959 5545 6505 8501 
20 9744 1227 3566 8682 8848 2782 4123 3315 8343 4685 9136 7106 9541 5950 1615 6760 2998 2298 1758 6917 
19 457 9586 428 2059 1565 3779 6989 3909 4125 776 1468 5171 6581 6056 8969 2433 1882 2269 8070 
20 2649 1 1685 7847 5899 7867 645 9177 9381 6274 5379 2311 7788 7651 9739 3243 4000 8998 9601 6935 
29 4984 4056 4428 3849 5369 5554 7357 1260 7174 7494 1422 6966 6674 4561 6038 6728 9363 4651 4076 3031 9535 2409 4110 3485 2946 3356 5294 4599 5571 
1 89 
34 7861 961 157 4742 4630 9469 6128 5888 1233 9634 8671 6213 1862 3531 7941 5001 9790 3216 516 2044 9237 1566 9943 5327 1026 5274 1927 5812 7079 2628 9791 7559 7533 3440 
13 384 5864 5419 8050 2226 2876 850 6869 2993 831 8451 7623 9312 
17 3156 677 2777 7153 5677 1435 917 53 7786 781 2827 2460 9129 2936 4140 1226 5476 
25 9289 1977 5112 7636 1859 5557 4532 3974 2740 1029 9941 6243 9539 6791 5194 1401 4389 8810 1289 746 5961 9891 5718 9146 3048 
10 1037 9021 1548 1360 5258 995 5138 3505 7996 5987 
19 7662 5437 8500 369 1628 1688 9379 2057 5094 5801 7247 1818 8235 534 4261 2131 7625 2203 5416 
22 6547 4973 2654 2075 3685 935 6378 2684 4074 7175 9688 9895 2672 1694 8162 7450 3503 2002 390 8423 5592 8850 
5 4059 8982 2698 9765 7641 
15 6076 1721 8273 7150 412 7679 9231 7599 594 5197 1526 6700 3413 7742 3850 
20 2147 9104 9071 2132 210 6475 5764 582 9644 7924 6522 1736 5384 651 4367 8528 1262 3792 9608 3723 
7 8599 4810 3911 5918 6509 8251 3504 
26 4511 9267 9890 6786 2031 7435 2036 1352 4404 7682 4224 5660 3308 6272 1741 3227 723 6184 6759 1354 3265 9454 1953 2347 1659 5555 
41 2912 541 6767 5406 3239 5387 8262 2357 8713 4873 9282 2780 5712 3022 1223 7172 3663 2745 128 9812 9836 8800 2246 9444 6658 9458 11 8471 2918 3247 7100 3820 3359 3771 304 9145 6693 1195 3860 2755 2764 
29 1305 9393 9888 3051 2741 9012 1232 4410 1521 1211 8094 8901 5844 1946 5268 6883 6376 8151 3060 478 2012 8757 8526 9147 6470 3687 1452 3941 3110 
31 400 5027 245 8548 9595 4980 9045 1500 2663 1263 9832 4063 2527 1752 8938 5133 1980 8693 2025 8933 3501 5741 8668 752 2923 7720 1645 6991 7235 4192 722 
1 7432 
8 9305 9519 7892 8152 9484 2258 6170 231 
23 6002 4855 6115 550 9089 2104 8659 8926 9709 5479 8741 6180 356 6866 525 6976 3283 9745 8482 5264 9123 5361 925 
23 9495 4624 8586 4223 7690 2577 6618 9392 7103 6580 9844 1255 9949 4433 2768 2004 7997 1021 7771 1035 1375 9294 302 
21 5711 313 2928 4089 254 9872 7971 6319 3330 5019 7886 1780 7157 4640 6528 5831 9119 321 6323 4568 840 
24 1970 6245 4154 9681 4546 9035 7010 6426 952 7746 105 9548 9583 717 6431 8180 5750 3254 1696 8777 3256 8265 220 5884 
32 5971 1332 6849 5744 4170 6004 9806 7927 1655 1755 1365 8768 8995 4617 9659 9508 536 546 2906 7592 8504 542 1423 5004 7137 4573 5098 7395 8581 8332 4886 5661 
16 3751 3163 8026 8574 3392 9375 1298 153 87 2392 291 2488 8226 2865 3134 7049 
18 8348 3475 9543 7043 8715 5495 249 8554 3867 3999 5909 9372 9732 5461 1385 5536 5874 2210 
23 9735 7692 4957 9524 4441 5279 9478 8110 9229 4144 3299 7273 1926 1765 8914 4715 9755 5339 7955 6433 3928 3929 6342 
17 9613 284 9897 9737 8239 6622 7130 7749 6726 4188 80 288 2812 1586 3158 1726 2563 
23 6239 1218 2537 481 5650 6512 6034 4064 7840 2355 7014 350 967 1283 9653 2619 7139 5320 7898 5842 5669 2983 3931 
20 4405 5054 7730 5034 2543 2969 9284 1934 4628 2765 4358 7497 576 3337 323 7264 6990 8923 4823 1962 
13 2359 6855 3659 1925 8307 8751 191 4983 1274 9840 8891 9467 9850 
21 1363 5699 5771 7186 6261 8747 8951 3205 3624 7267 7630 2596 3389 9933 2427 3419 1056 630 6545 869 2851 
9 4523 3145 7671 6891 9428 31 7904 5563 4220 
23 8104 6053 8323 7546 7190 3433 7882 3759 2937 5101 9160 4701 7276 5630 1073 9047 2155 4589 8240 2879 6626 7784 5653 
20 7534 2790 7287 7245 3278 7610 5373 4032 698 6006 9415 7688 8809 3995 8861 3180 1350 7251 143 4908 
23 902 6304 1995 6003 7574 3740 7193 5285 2997 6041 4453 559 7866 6824 2122 6681 8845 3890 8762 8948 2847 1701 3184 
20 5887 2056 7884 7535 6634 6832 3782 3258 8952 5140 6560 3300 1049 2763 324 3957 5203 9878 5828 3286 
12 1186 8588 9135 6247 6850 5211 9062 5810 2561 1789 3705 548 
20 4863 4003 7434 511 7846 3680 7762 3597 2198 8661 2977 584 8704 294 3548 2098 2697 2469 6112 6241 
14 1433 7194 7672 8991 8051 1446 3917 201 7842 3252 3536 3730 6487 8012 
29 2296 5727 3579 7398 9128 8021 9559 2426 4202 1873 1221 7665 3181 3537 272 1679 3689 1666 2350 6937 9001 1720 9076 4757 5599 3856 944 7980 9461 
27 1524 9633 3066 7666 1010 9485 5690 6159 4497 6741 6601 5329 2033 9103 1383 1846 2063 8297 5482 7521 6065 8598 4672 4620 1764 784 5311 
22 2495 5516 1777 7512 1079 1046 4953 5608 4426 7488 9480 4043 7187 684 1092 1028 8234 6614 6154 7676 5474 4054 
29 6877 3197 7248 482 3148 3276 3384 7492 6474 4913 6900 1004 7627 816 6820 202 5107 7914 1894 1885 5236 7291 9040 4952 1043 6676 2376 5035 452 
21 2825 9557 9068 7811 5452 9238 5074 1904 2850 8109 4912 6823 5943 2405 5589 8875 5349 3324 1367 3791 9277 
21 6645 8035 7448 7386 2156 9513 7918 5005 3 9822 4152 2364 7082 3684 6564 5634 1080 2858 8202 8971 9522 
13 408 1411 2178 4438 8885 9911 167 2139 2995 5316 5463 948 2134 
15 9436 2284 5778 2595 7583 7624 7201 6696 7089 2440 7767 2491 7524 4142 1708 
25 8978 6756 1100 2783 7438 6420 1474 4398 280 6359 8843 1960 1450 561 9880 6829 1919 1126 1225 7136 26 6817 2133 7615 2224 
20 6762 8990 97 3750 4297 3895 2034 3847 5099 8281 5572 3447 4340 9518 4974 163 5618 3492 8666 7673 
27 2436 4959 9306 6875 7876 661 2338 950 2480 9341 1985 8018 6566 2766 624 7037 9958 361 4442 5073 3098 5834 652 4251 6371 2411 2038 
9 3161 605 1849 5492 5506 756 9552 3662 2786 
29 1697 4455 965 4940 1324 1508 4366 6255 5088 2831 5267 4582 4477 5083 6423 8293 7016 9009 574 6175 9124 2487 6594 3835 2968 5198 7375 9069 1293 
28 6135 3596 9452 200 5746 9691 8573 817 6220 5816 5017 8434 4871 7633 6680 2160 8470 8906 7966 8672 7697 7408 3864 8815 5753 5024 8336 8838 
20 8173 7732 7282 7595 2568 3512 2769 3305 7021 9441 5877 3186 595 3178 40 1976 654 3702 3887 6246 
26 5517 2143 2401 839 3036 5799 9273 1276 1453 127 7628 6437 4832 7205 517 8153 3339 6801 1670 3868 134 7722 7295 5130 611 5723 
22 7585 4761 5626 1792 989 8529 6597 2207 6333 3215 9190 5006 4217 8793 5997 4745 1763 8946 4363 7917 5977 8648 
28 7993 8699 8783 3329 3891 5090 7687 3601 5808 9118 8037 2957 6484 8493 9132 9143 6692 67 851 8927 7675 1347 6687 5905 8061 4022 6365 4023 
12 8310 9799 8200 71 9017 9946 4556 1877 1213 3301 4320 5616 
21 4107 1869 2518 4990 7874 120 7558 115 990 3345 8616 6648 9083 5664 3013 9966 581 3312 3848 5144 9058 
27 2538 6139 7428 6485 825 7870 5875 4421 1693 8277 2140 3102 6346 2916 7579 5391 6567 5763 3039 6187 9331 1542 4747 2481 6514 1961 1972 
16 3986 4840 9302 5385 1519 1166 7125 2811 5164 6995 5044 7039 8859 729 6300 2926 
19 8373 5008 3221 5116 7626 4234 5556 4252 4721 777 6339 3412 3533 9439 762 4996 5110 9938 8036 
18 3778 4720 5698 3469 9299 3277 6386 8288 4012 3074 3927 3296 4465 7337 7566 5937 8503 9025 
22 6340 8187 3632 1215 4099 3731 6454 6391 7513 7879 2645 819 7328 8496 9529 6899 4753 4116 1990 6911 4189 5629 
35 3444 55 583 4377 9627 6493 3830 7406 3605 8835 6360 3057 3938 5082 772 949 1271 5995 3722 5503 2468 4942 6081 2553 6256 5648 8818 6468 4797 8522 3113 6978 4641 7733 3857 
23 4228 7787 3462 7211 3510 7808 6615 5374 4722 674 4569 7796 4409 6249 8335 7835 6725 1935 4310 336 845 2940 3978 
24 8448 4020 5602 2999 292 6446 3615 8796 5779 7466 4937 5658 9361 1461 7727 7510 4632 7511 4427 8949 5348 2196 7496 1507 
18 137 4944 5238 7062 7006 8027 5906 5670 6225 5178 8732 5625 226 4567 2730 471 2806 6993 
15 636 938 490 2694 9821 6880 528 3076 1229 7050 9664 6348 441 9714 4662 
17 9138 8667 2323 2393 2898 1292 1781 6129 9788 673 2849 5002 6781 879 3903 9770 7105 
19 8028 9070 7065 8160 4278 6318 2368 8974 5930 45 7354 6214 1462 6355 6151 1137 5364 5798 6364 
25 7320 9347 2230 3017 6951 435 8786 1311 7191 643 3135 6297 1464 7637 5728 8771 5333 5412 3516 3041 1751 9764 7723 3097 2606 
22 415 4344 8851 9440 7366 320 7164 8807 6264 2186 6174 4097 3554 8270 6542 6697 5246 281 488 6099 5485 5840 
22 1102 8795 2126 2675 3807 979 1746 2121 8785 5878 7094 5793 7945 3018 9998 1624 7859 6936 6999 1982 5776 616 
19 4744 230 1443 4035 9701 1310 8881 1590 4033 5561 8975 3206 8454 8964 2594 1301 5159 1006 1173 
25 1111 8445 633 1256 4141 9639 9322 4924 274 806 9862 1444 5220 1124 7240 7099 1478 7258 9580 3853 6731 1472 2890 900 8499 
24 9869 2118 5686 656 5433 9065 5457 1048 3666 2417 3454 744 4876 28 6224 8828 2872 6108 8497 8468 7288 3797 7146 8594 
23 8940 6009 7933 671 3228 1466 3754 1937 575 2498 5031 5963 6337 4960 4322 6918 9115 3363 7736 6032 8080 7310 1439 
27 533 8198 4602 3875 655 6729 1553 5994 3099 3210 2979 9368 235 4892 2991 4237 9295 9957 866 9258 4230 9126 3612 2097 195 5454 8371 
19 8996 2330 1470 9987 8289 4899 6975 2175 5747 4692 7797 2201 1712 5223 8107 8561 7719 2287 5707 
24 6563 2651 5240 1908 3220 7498 7562 7081 1181 8516 9849 3494 5558 5396 3320 4262 4005 631 7215 7822 9056 3349 9638 4268 
14 7609 8031 285 714 9170 8513 1703 2522 1506 7218 8389 4554 5652 8120 
27 3603 3426 8823 720 9037 348 6672 9858 865 9000 9553 9843 4623 8325 3599 7260 4299 1554 3297 205 1036 16 9211 3838 9811 8582 5398 
20 7934 2464 4250 2781 3493 2167 578 7648 6722 5123 1130 3395 940 3515 1442 562 7057 8275 6477 6080 
28 6125 7372 4502 168 9538 3082 8191 942 5366 8339 508 5550 959 3592 6948 5106 4357 5805 9236 9697 4183 5781 4510 4333 7530 9253 8087 7168 
7 3272 6914 8959 9555 3664 7783 4041 
21 2954 657 7659 7077 5219 5838 4539 8003 544 8074 6543 1117 3935 6612 5935 1153 4769 9507 3787 8508 4432 
26 6550 4666 6133 7555 2192 4613 4689 9657 4800 1963 4992 1668 4621 9531 4513 2071 9178 538 3837 602 8888 8607 6084 5293 1359 2363 
16 799 4114 4498 3915 1914 2473 6679 1457 6561 207 1893 4998 5202 6158 6994 2145 
22 494 5241 3609 9687 409 4884 5092 2142 8221 9201 6928 9324 7345 6211 5740 2011 8541 2421 1488 9034 5108 44 
17 8326 9784 6116 9239 3165 5401 5257 4991 6145 3683 1128 5432 8467 9606 2822 8770 7855 
28 6765 7085 9078 1729 9830 1627 2261 5170 2270 7629 3038 7726 8510 8105 7587 3449 6678 1119 1623 7545 4122 2454 5462 9792 5588 6022 702 8870 
12 894 8721 929 3805 7815 7854 3015 1156 4751 579 8611 2659 
22 6244 7387 9874 6969 3952 2680 4204 2636 8258 1485 261 4166 1259 9588 9502 973 1091 858 1633 1085 4473 7441 
30 4349 4794 8346 290 5719 5507 3885 3542 6021 1660 8617 7903 8767 1396 484 5023 7351 5640 4809 815 3242 1618 6555 5633 2943 3087 8880 5749 3455 8279 
22 3445 6058 2686 9158 1518 2115 1504 1436 8004 8017 3194 6064 8632 6397 6432 4218 8625 1641 5248 1905 9668 8865 
18 867 5045 8494 3657 9652 3222 7271 693 1342 5326 2517 460 3151 255 4275 3902 7059 3523 
28 497 8059 9743 4595 9286 85 9033 9576 4221 2397 6268 1198 6130 8997 243 5157 9386 2630 4647 5703 9772 7591 7257 7593 9336 7831 8349 9993 
25 4657 6000 4291 7479 9364 5012 4256 9962 8214 4045 6451 6452 4533 151 6974 7003 8248 5736 1933 8619 7343 7968 2251 5953 2090 
13 2710 6102 7897 7872 2800 5893 5518 3071 5813 6621 8126 7038 4013 
19 9817 1431 8312 7761 8475 8284 9801 787 9978 7979 7053 8124 3670 2815 4339 2836 5446 6260 9637 
17 7940 6352 1967 9043 1501 9630 4388 7782 2678 7204 3235 5051 13 7437 9396 2100 6227 
19 4068 3117 1979 6925 2882 5619 2125 2088 2394 5989 3716 3385 5505 176 78 2410 7348 1619 8169 
24 3398 6305 7759 5228 1864 286 353 8485 8742 8419 7363 5247 4503 5502 7195 8900 6231 1362 8863 5431 6051 1202 4900 2862 
17 4249 2373 6059 9157 2513 3946 8473 3027 3844 5676 5787 2474 6717 8195 4968 3954 8232 
21 8194 8868 1537 1779 4652 5770 1264 7737 9026 1320 985 5898 6230 7978 1440 4972 301 4479 4341 590 5791 
25 9497 5756 5678 5400 6751 9038 3802 395 8177 9185 6483 7982 3465 3198 9193 3823 8388 3399 2929 9567 1333 7382 5011 6761 8716 
19 7988 5260 8662 8687 8743 6281 5166 8242 5097 1622 2894 5000 4324 103 6624 6766 7391 7356 5873 
26 9179 6141 66 3477 3054 9912 30 4658 1448 614 9896 4964 9683 9945 6651 2478 3091 5924 1881 6074 9591 9296 1408 9308 3858 4416 
24 7446 9144 8203 5541 6023 8412 4872 8505 6898 1476 6375 4718 7298 7528 6947 5509 2692 9807 7973 4763 8452 4735 9443 3020 
19 9199 9610 6805 2809 3947 1700 1523 7148 3547 9403 7960 4212 7800 8608 7826 7388 783 1427 9967 
18 2754 3468 5409 2119 377 6066 3213 3714 4244 3434 5470 2582 4412 5910 2689 3889 5408 8939 
22 3453 6413 992 3062 4786 607 3940 509 3293 6908 6655 4100 8525 3132 6516 148 451 3613 9413 2337 6 8196 
24 4807 6836 6392 846 7255 5287 8079 7176 1831 6106 7529 8549 3828 7124 6727 9989 4505 4812 4095 4364 3711 5825 2334 2961 
30 5282 7638 3991 8766 6538 3789 8806 3839 2652 7794 8316 3121 3079 1392 880 1075 6813 3630 3598 4459 4108 3063 6351 6330 6631 6534 7878 7311 980 1136 
16 2556 6380 7392 8820 4698 4824 8039 217 1253 486 7189 7228 5596 5410 2300 9005 
14 688 9624 5635 2144 8117 4436 9028 1380 9257 8411 3591 8523 6302 1653 
18 8830 5952 2842 9889 9758 7856 8646 4198 8172 8068 7419 9713 2204 1847 6315 5973 5395 1808 
18 4819 1325 8481 5610 1747 6540 5498 2700 7029 4732 4982 1811 111 5003 3637 6958 9184 5538 
20 9042 4153 1640 1509 3949 8272 2885 6584 1891 3534 4159 6790 4176 9384 4500 1216 3733 3633 5434 8717 
