2 8890 6517 
2 7468 7909 
2 8670 1880 
2 2384 7206 
2 7227 4818 
2 1135 5071 
2 7013 2736 
2 2418 8727 
2 8773 2591 
2 8227 5067 
2 3654 1855 
2 9121 6527 
2 7716 6753 
2 2176 7678 
2 7948 4325 
2 6321 4471 
2 3647 7433 
2 3321 7581 
2 9459 6610 
2 6252 3202 
2 5991 2939 
2 719 4887 
2 563 2573 
2 7325 3207 
2 4679 5982 
2 1178 7110 
2 9927 8722 
2 3578 4796 
2 3696 4027 
4 9550 2660 6644 2746 
2 8967 1190 
4 7109 306 6441 8893 
3 6031 3539 9569 
2 6039 8563 
2 4829 5903 
2 3358 492 
2 8965 9287 
4 6403 5480 3507 9099 
4 7913 5091 5891 3897 
3 8758 8088 7376 
3 9913 476 7600 
2 7575 4557 
3 8184 6544 7813 
3 8878 1399 2669 
2 5983 7809 
2 5649 1817 
2 2718 6018 
3 2015 8071 8994 
2 1192 1344 
3 1105 8306 6600 
3 311 9954 7458 
2 3708 3560 
2 8578 2053 
3 9449 9483 1626 
2 6377 820 
2 7804 8730 
2 1563 1159 
2 3608 2528 
3 7862 4011 2445 
2 6912 1339 
2 2297 2758 
3 4644 8303 9489 
2 666 5441 
4 3147 9377 4476 1403 
2 8711 6190 
3 7108 3760 3028 
2 9925 8596 
2 8192 3491 
2 6879 6686 
2 7444 4793 
2 5332 1000 
2 7355 2887 
2 9252 7632 
2 7347 4941 
2 9251 978 
2 9349 8824 
3 6745 364 9359 
2 7346 5226 
3 4948 1778 4469 
2 4411 3341 
3 1803 8968 9049 
2 3936 7773 
2 2212 9723 
2 3381 1555 
3 1874 4646 1452 
4 1973 1844 3111 5127 
3 4467 2346 3246 
2 3291 9824 
3 7779 8253 5084 
3 9864 1381 7025 
2 9763 5059 
1 9868 
3 9985 873 180 
2 9914 6665 
3 9920 1208 773 
6 9976 9847 499 4138 8397 2822 
1 9910 
1 9803 
5 9563 9979 9901 368 7061 
2 9346 4483 
1 9515 
3 9418 389 7519 
6 9752 9619 8102 4352 872 6960 
1 9693 
2 9740 1713 
1 9360 
4 9579 2288 9750 1015 
5 9675 9313 8950 3362 5968 
1 9520 
1 9530 
2 9044 2486 
2 9186 2951 
2 9249 5578 
2 9019 2430 
2 8719 5886 
4 8605 4052 8278 7042 
2 8788 1140 
5 9084 8520 7891 7464 5513 
4 8553 1706 4181 8199 
5 8731 8204 8290 3614 3827 
2 8402 8753 
2 8571 8000 
5 9216 8292 1194 4520 6591 
4 7990 229 8490 4795 
3 7972 9451 3185 
5 7957 1269 1002 4006 5573 
3 4717 3709 9921 
4 7613 4390 7182 4841 
2 7284 4301 
4 7929 5245 1376 8895 
2 7684 7760 
2 7122 1284 
2 8111 5478 
6 8840 8564 7561 4048 7147 8433 
5 9140 768 5562 23 9999 
6 9679 7952 6913 8792 5371 7362 
5 9090 7379 1067 7239 204 
5 8962 2944 3193 4420 6521 
3 9463 4070 7621 
6 1776 6541 9649 8073 5553 1114 
7 8640 7119 7711 9996 8189 1319 6090 
4 8546 6463 2007 3559 
6 549 8342 8458 4836 1146 4417 
8 8477 9003 7657 6607 7088 2717 3225 2620 
1 8330 
7 8509 9402 8158 1206 6515 807 1374 
3 9744 1529 4329 
2 8422 7713 
2 7453 1545 
2 7075 835 
4 7506 8139 8048 3069 
7 8329 7956 6965 7198 7196 4528 3638 
2 8047 8345 
1 7482 
1 7522 
2 7655 644 
7 7399 3693 7020 7319 2751 3824 3286 
6 8086 9935 9503 9385 1246 2866 
5 8029 7229 9636 1023 3861 
6 7911 8024 5721 233 5969 3755 
8 9325 7070 8179 6794 6884 6208 4588 6143 
3 7015 5597 4319 
8 3580 6901 9046 8302 7210 9495 3729 4949 
8 9581 9283 6724 8848 7768 9109 4838 766 
8 9409 1040 8395 6150 7314 6744 3088 5883 
9 9514 4058 8420 7799 7329 6735 7373 2412 1022 
9 9707 1560 8587 6662 8566 9845 9735 3230 5979 
4 9289 1143 2177 3749 
8 8703 5717 6633 5858 8459 211 1922 3870 
10 8728 6412 6694 6160 6200 6245 5914 1027 5296 6520 
4 9011 7662 1785 6834 
8 6822 3055 5934 789 6740 6076 1061 923 
10 6670 6663 6381 5868 6198 8447 5954 4065 5444 437 
3 9702 6238 2709 
6 8892 8104 9586 8254 2541 1956 
3 9804 3086 1018 
4 9613 6647 310 218 
3 6583 3388 8825 
10 9670 3030 7512 7709 8224 8902 908 5780 9048 3887 
3 9737 4317 240 
10 2735 3371 4214 6228 5693 7546 4629 8245 943 8119 
7 4435 3008 5343 5295 5307 7383 1998 
11 6466 4078 6424 5222 6269 6239 3334 4450 7778 1695 1546 
12 9523 1978 622 474 4255 6293 9897 6319 2099 3809 0 5953 
3 9436 4736 1064 
12 8708 568 268 3655 8021 7585 1421 2981 174 4580 9600 6817 
2 8599 641 
12 8175 6263 7318 4877 8739 4084 2112 7152 5679 8819 4868 6080 
5 8348 7097 7113 5975 4022 
12 3090 2695 1273 2774 3311 2523 3557 3833 39 384 5985 1087 
12 1209 3442 4687 4586 3990 1113 3739 5377 388 8038 5919 3367 
10 4758 1867 957 2589 3257 2649 1186 2171 4523 2265 
12 1992 2247 5018 3471 3758 3104 4830 881 1676 6548 3767 4321 
14 5970 4309 734 4494 1005 4475 318 313 767 3751 5864 5742 4337 9004 
12 5324 3167 2008 4788 3527 4511 1512 854 457 1459 1037 4604 
15 7965 187 297 4066 5971 5161 1860 1959 5711 1422 379 6197 6129 5281 7844 
17 7928 4071 375 7186 5615 6877 9267 332 6222 584 2710 3508 6509 798 1356 8070 5828 
1 7432 
13 6831 3607 4379 1757 3333 864 2074 3325 3778 249 2359 9372 2448 
14 7401 4150 1735 4842 1323 726 1970 6825 5382 1433 2977 613 6988 5254 
15 3629 713 2986 1515 3409 3651 2166 4107 4493 7534 8373 6904 2308 9509 3288 
14 2061 6961 489 3540 3430 5887 1430 5437 7609 7483 3389 3272 3252 5821 
14 303 1138 1866 3168 1228 2742 3773 4863 2825 5557 5593 5317 3161 89 
17 2465 2917 3253 1888 2327 6044 5491 2026 6430 2132 8173 636 408 1411 3145 1670 3705 
20 2519 3555 29 2869 7064 477 1384 6155 3779 9071 2654 209 137 2191 2693 7767 3694 5813 5950 9461 
20 2883 4637 5381 2316 1492 8489 5237 3138 6327 8464 6762 3986 8830 576 3163 1763 6499 9601 1680 1293 
19 3549 5192 3281 5445 1315 7455 4693 400 493 1177 8035 6480 4559 594 9754 1736 8982 8606 6518 
21 700 4525 3988 5341 9820 1447 1013 2123 2782 6567 4624 4744 3685 8326 8815 454 2237 7854 8946 1131 1327 
24 4839 6277 1543 2571 6649 5402 3918 1609 8020 6004 6669 2338 856 5662 8996 2330 9381 7940 4419 7280 9541 6365 1642 9568 
20 3307 2135 1833 1097 6418 1724 7114 2426 1524 935 4405 81 4068 2343 5909 4810 6995 6207 6911 8934 
20 5440 445 3692 2296 3245 1773 7224 825 4228 6340 5732 5169 2760 8661 894 262 2812 1586 4191 1107 
20 5300 1664 2941 5598 2324 2538 4648 1363 6536 5920 5621 3669 6910 8793 6382 9519 264 3298 1594 8802 
19 1335 117 4495 8271 696 3005 1651 2642 3512 1111 3433 8667 9229 6581 4950 7153 1821 1427 9967 
20 5235 3855 3457 4098 4984 902 8426 5425 4482 415 494 8028 8809 3135 9732 8340 4361 2593 2491 9876 
22 7429 2720 6807 6456 1993 817 6654 3826 1142 3396 507 2896 3439 7971 3315 6855 9258 4465 9076 995 5138 1808 
18 580 1794 567 1024 513 3368 212 6645 3468 4709 350 4470 9848 8679 605 3324 2298 4242 
19 6815 2912 4090 61 6529 3640 1625 3354 4815 3566 6399 2075 6850 5910 2851 1789 9663 2502 2269 
12 6547 7380 1949 7679 984 1016 8244 3635 1442 8929 4898 9960 
24 423 2949 6706 8406 7640 9291 7864 5218 6752 8978 4507 977 1835 643 6597 819 6692 5140 7997 4500 9986 3633 3337 9794 
17 1879 7993 2512 1697 4154 6053 4953 9138 4249 5134 1286 5589 1289 7835 5325 1682 6935 
21 5885 672 5086 7877 1414 4208 9452 442 6409 5017 3232 5344 1721 7275 8031 2678 8975 129 1751 251 5467 
22 5299 920 3743 9187 4536 6135 1090 2147 6473 2495 5124 4205 8780 5635 693 6801 9471 3504 8762 8948 8080 5370 
36 88 5860 273 4008 3103 2920 4346 6767 4873 4056 3579 7398 328 9306 1869 1830 4020 5602 2999 3818 127 9458 7903 5794 4539 510 5383 6928 7919 2889 7706 6005 1085 6229 6631 6534 
33 2432 5335 3817 2576 519 9020 1528 7188 6189 5875 7082 4194 3991 3426 9485 4914 4326 5238 5844 6426 1199 3811 515 7250 3374 6972 764 7736 4542 9484 2926 7467 4865 
24 84 7861 222 4894 8675 3049 8787 6849 1734 5517 47 1252 1046 3530 6274 7068 3330 8632 6397 4015 3926 7753 8726 6390 
38 606 6916 6689 8559 6952 4882 9698 8630 1438 2641 6199 892 5369 8351 5214 6710 5888 2181 5453 300 66 8631 2374 1981 7651 1921 3404 7397 5786 3526 564 7452 2050 3206 455 8701 7115 8196 
21 3869 2356 113 1838 4387 9347 315 8207 2056 35 8995 4913 7924 4819 5350 7497 7599 5705 6914 5669 2983 
18 2507 8557 2079 7553 6410 7000 8940 2031 4636 4802 688 9880 4438 3312 1021 7771 6348 143 
25 7040 24 585 5424 2313 7293 7810 5359 2422 5710 730 497 9180 1537 9833 6062 194 742 9682 5330 5518 3056 7408 446 5404 
21 3149 3025 610 2828 6404 2233 1406 4635 2690 7934 1685 6173 6333 5658 8958 4135 6320 7218 3536 3890 6 
17 7028 9052 7846 5049 1326 7579 7535 2706 9836 2125 1416 8200 5000 2481 3265 1285 8251 
26 3156 4307 372 741 2020 219 6502 3249 7889 2788 8573 1267 7867 8194 3940 6618 1431 9160 4121 5168 4385 620 5461 5533 1659 2487 
27 4059 9305 4601 157 5902 3667 6139 7156 7180 5743 5654 8440 284 4029 2167 2173 5660 2645 6297 3438 8881 4175 4212 8949 2155 5811 2134 
13 9869 5347 7438 6484 867 3278 581 2582 7815 8913 1478 4275 2463 
9 9817 852 624 7037 600 3516 879 9840 1562 
26 9393 1305 541 583 5406 7849 5304 3276 7320 2915 8274 3849 1777 9042 1565 5426 7811 2984 6298 5561 589 8356 8704 4005 7146 8226 
13 8448 8410 7277 3740 799 7501 684 3650 4373 486 31 6514 4432 
14 7102 5626 6244 9100 97 8998 2882 3689 1666 1229 6226 4412 2615 3134 
15 7248 3092 1102 9199 6247 230 7680 524 4122 1610 3178 6015 831 1652 9024 
14 9030 428 3116 2954 7176 6907 6114 7528 5639 7056 9253 1216 4127 1378 
16 8774 874 6420 5158 6133 952 4939 9644 7630 940 5997 3296 5272 1118 7904 5563 
17 8586 6304 1995 5540 5516 2470 7193 7014 5021 9462 4043 8886 1322 4925 6614 6349 1426 
14 9497 657 5830 5064 2561 9403 6622 8857 2858 3964 5348 7899 9648 8569 
14 9464 210 7988 2122 9478 4698 3027 9865 609 6543 2747 7784 5653 2032 
15 9556 4080 4666 2000 1755 8493 7150 5008 5734 5498 5556 9528 8230 4811 4936 
15 9815 601 6634 1365 3537 8099 9687 8935 4415 3774 5570 4774 3703 2172 2806 
21 9411 961 3697 1815 8149 2714 5500 5572 2216 3398 849 553 3624 7267 7368 7782 9055 5072 8999 5147 3478 
16 8588 8614 4940 3169 1 6009 6306 8334 5062 4100 3515 4492 5664 8581 6616 4987 
16 8803 6475 4704 6563 2556 8620 9784 7363 9748 4727 6830 2876 3277 2411 6152 5434 
13 9392 5809 8239 4433 9474 9548 3061 9021 9862 1035 4320 5190 8925 
14 9179 933 5815 3952 2857 5373 967 5851 4572 2619 9760 5604 1439 1691 
12 9232 7342 1947 2021 776 6560 71 5164 1882 9301 5294 4599 
29 6002 6783 5497 3490 3605 4250 9274 9018 8795 9209 1169 4356 6094 2264 2935 1424 6020 34 4835 4748 2792 5634 9807 3558 3856 944 2287 3825 1191 
17 8715 3910 3603 4705 7663 2382 5457 5211 680 5391 6540 884 9533 6217 5842 1615 6060 
18 8699 965 4761 2881 6550 6066 2406 2630 938 1842 3828 5255 9788 4763 8885 6889 7476 1507 
19 9852 2436 481 5829 3594 7816 8188 8237 6680 2777 7635 592 7930 7059 1385 6477 2936 1288 7509 
17 9191 7927 1564 7884 6966 4123 5994 4772 6462 5171 723 6894 1400 6124 18 6158 6717 
17 8786 533 7446 4854 2551 7019 6674 871 1561 1316 687 3091 9659 9726 438 3903 8870 
14 9135 4404 7555 6416 1428 1513 8153 905 7703 7127 6301 8276 8319 2897 
14 8609 3181 2966 2368 6699 5470 4584 1533 9621 6495 7836 2454 3733 8215 
16 9890 4207 7710 4657 1346 7316 8298 7337 9658 8077 6256 1333 5326 6371 1936 5646 
13 9949 7174 5847 3453 320 4012 8061 2476 8568 1007 5776 4823 4177 
16 9965 6125 1628 2754 5952 189 5394 2933 9444 1854 9686 6564 5197 3702 631 4530 
9 9943 7195 3320 6259 5762 7788 3179 3020 3503 
9 9929 5801 6104 3552 2283 3742 9642 962 60 
36 6695 2559 7141 7463 3239 554 4618 6780 8783 1605 1170 7704 2536 1674 3976 9666 5285 846 4938 3176 1453 8687 7729 1364 6389 2931 883 6755 5416 2334 2759 6010 7233 3042 6917 5688 
33 8518 4143 7499 5716 2278 2429 6485 4583 7612 8376 6168 4196 6265 9382 1908 3220 6402 353 7503 2867 2154 2740 1096 4915 3736 9895 9978 1144 750 2836 3771 4401 54 
19 8323 6851 3017 3050 3680 3022 7191 2680 3722 2805 285 813 5152 8900 8240 1847 432 7601 7112 
35 8310 4742 677 9799 5990 5746 1635 4935 7249 1223 7172 5234 5601 4291 9466 7043 8876 3098 5036 402 6064 8540 126 1519 855 6554 1238 5754 101 4061 8206 8053 6978 8195 6148 
16 7557 656 4024 7682 8761 7643 698 3292 5532 9966 9245 8473 8986 9608 329 3620 
20 8055 1852 6756 4421 3445 3502 2473 4366 1051 5764 582 2923 9153 8845 3519 8561 9609 7450 1088 8543 
18 8370 150 1260 1977 4973 3227 3731 3432 3216 1538 7720 4900 7659 8107 548 6322 7733 9088 
19 1689 4164 3510 3199 1634 267 633 3205 9810 928 8906 946 2510 2499 7189 5176 9714 5877 1242 
40 7475 4094 1066 4377 1353 769 9733 5213 6123 1630 3951 3160 3461 7406 9078 6711 7737 32 3319 3054 3451 2275 120 2220 5835 1756 7879 9112 1535 3136 5852 6577 1957 1380 6899 7563 7416 8384 1923 3883 
16 6765 951 6503 9512 4862 9341 76 4824 7757 2768 7330 6072 9257 5812 1849 6170 
20 7230 2928 3188 3632 6220 6512 559 2240 2128 1709 8284 8471 5763 5346 14 1663 78 9765 4678 7964 
18 6875 9255 8536 435 9751 5241 141 6868 7926 2684 4074 9047 7658 5365 3957 73 8201 1446 
19 7677 3947 6164 8653 9819 2178 9505 8820 5094 4569 6387 985 5898 6687 4751 3492 8666 5412 1473 
18 8277 2198 4807 5816 9575 7668 5260 4857 4340 26 1918 5098 9456 558 1893 3256 2300 8430 
15 7994 1474 4274 2527 7078 7650 3905 8357 8202 4082 3864 3889 2998 8718 7371 
17 9105 3066 9065 6078 6946 550 2790 880 7510 7536 9578 2549 2070 9184 7242 7069 3204 
31 9888 7104 6747 4910 8629 3129 8198 3108 5779 2651 1587 2033 6589 6902 659 8193 8051 6683 9163 1396 484 5633 717 9501 1990 4995 4269 5831 2329 5896 2627 
15 8167 1553 876 21 1819 8851 2285 2405 588 8828 2474 9398 3741 784 2659 
16 8110 6537 7558 5724 6562 3534 6116 9639 2162 288 7511 1940 7053 1367 2337 8654 
21 9246 9412 1588 5090 6474 3865 6580 921 3393 4832 3173 7296 4235 8297 1554 3297 5505 6311 4069 8441 6011 
19 9851 5698 4112 2783 378 4088 5962 8506 8339 3496 7627 5479 4573 9295 1772 5141 7524 8304 1878 
16 9353 7226 6575 5287 3829 2907 2670 4992 1781 3570 6075 9588 4991 4735 948 1009 
21 9544 1100 7428 4848 5686 7686 839 6089 3949 7387 9322 6678 2142 5738 8006 2004 8702 3676 6214 488 3791 
10 9231 5502 9826 539 7200 6725 1935 9211 3850 5225 
18 9487 3384 6141 6886 1181 4720 4141 7490 6974 6102 9083 5802 9903 1481 1056 1354 8156 702 
19 9627 565 1251 8747 7494 4481 5622 7516 382 9072 4000 7125 1925 5178 9540 9567 2677 8622 5775 
16 9273 354 6460 5374 4496 5674 8549 8565 9755 4625 324 5223 2096 5198 9739 4962 
25 9166 7140 3596 699 4455 8832 4349 1655 2982 5628 1768 7498 4224 7872 6880 1464 7101 1780 7157 7023 7859 1280 2698 2773 7105 
15 8412 6526 9062 5380 6363 1132 8822 3805 1108 2749 5683 6999 1699 5618 4023 
12 8481 5610 243 5384 1094 4144 4051 258 1645 762 4054 1089 
13 8798 2407 9321 6513 7090 155 2003 7367 6099 2902 3848 7688 9532 
15 9158 3122 1660 377 5250 5608 4358 9664 5475 2894 9585 8619 4812 8862 2152 
16 8529 3345 146 9652 4561 9270 3752 1889 3323 7775 7291 2202 7050 926 165 836 
13 9238 9741 4840 7672 5908 6769 9708 2063 362 9883 1579 579 2358 
21 9128 3029 2401 1518 6922 2937 6523 9364 8782 1875 8534 7094 8431 5080 3810 8526 1225 1077 7436 1633 9885 
17 9002 6903 4403 9576 7457 2315 7610 7392 9894 3959 1034 8394 8341 5895 7410 8235 6770 
20 8548 2006 482 4826 2731 9410 2852 5690 2115 7142 257 2214 179 6611 4971 323 8468 7744 6291 7590 
16 9130 607 6729 5465 4924 2729 134 8218 4468 2263 3081 8389 4252 5322 685 3688 
24 8932 5387 3236 6110 2230 7430 9806 2333 5054 5366 6630 4532 8064 2769 5221 7556 1342 4436 4612 2251 712 9878 3611 7950 
20 8784 7638 1240 5917 1986 105 5782 2037 2765 6325 4722 8115 6225 5820 2811 1542 6032 9146 5020 1653 
15 8665 9645 3338 6596 4768 3211 4730 6431 8170 4152 440 1462 6355 4286 3637 
21 8449 7129 6951 5955 8868 3051 8353 1864 6248 2246 1071 8097 5156 1818 25 815 4931 1703 538 7295 6127 
18 9625 2916 5433 6132 369 1944 7727 3699 8010 2524 3001 2092 4333 3917 2433 5637 722 4193 
11 7707 3494 43 3980 2342 2204 6792 4510 3014 5961 9891 
36 3444 5769 9207 2603 7287 4414 9974 9087 530 4794 8346 655 1729 1792 8989 241 1349 2797 2054 1531 9298 4019 612 3159 2903 2373 3738 9587 7247 8944 7268 1149 6621 6481 7996 3643 
24 7687 3546 4781 6558 4537 1010 2957 4686 4003 4639 9156 2270 7513 8843 7633 7352 6056 5320 9672 5509 6145 6046 6470 9770 
19 7255 199 6202 3615 772 4645 8413 7488 561 744 7699 6264 9933 7842 1486 2136 1623 5376 7496 
18 6942 1313 2686 498 3117 9284 7143 9624 6602 2192 5980 7747 80 3868 8411 5749 7989 1408 
26 6843 7435 5227 5358 5034 1407 3891 1221 6413 9345 5650 7386 3802 8610 4072 4128 4314 686 3788 9919 8759 4442 651 9787 5334 6019 
28 6900 6656 190 2942 8435 2335 6206 1218 5712 6984 4990 7344 1415 1679 7749 774 3592 9998 8525 5181 654 5378 6773 4956 9058 8808 7393 8865 
16 9457 8785 8909 4147 8904 7259 9026 2546 8936 4004 5840 4380 4808 8971 2196 6994 
19 9874 448 2518 4615 645 6251 1282 3210 4073 7340 7588 6362 6887 4672 2637 5506 756 1341 7789 
15 8585 8023 3609 9376 8745 1979 8081 3844 1894 1919 7623 8249 2310 8113 3971 
22 8203 3068 3989 2566 1797 7434 511 1239 4063 7754 9849 8576 3919 3682 6720 2091 4174 4172 5463 2922 4220 6434 
17 9647 708 979 2557 2722 2478 1525 1806 5298 5850 3634 8837 5949 1435 3571 8633 4399 
20 8040 718 640 1508 2480 5684 3469 3031 2694 9821 441 7978 7521 5834 652 148 5531 6603 2516 3087 
16 8937 9068 4119 578 9513 9397 6042 5484 2462 8914 7478 427 5489 2592 6465 2326 
21 9631 9559 1904 780 2653 6805 6243 4209 1891 4773 5166 2451 6681 9924 2795 9147 7892 8838 8888 535 8939 
20 8915 3191 57 5541 5913 2702 2809 8182 5340 3968 6452 5785 9856 2071 9615 9580 5431 8508 7241 9198 
18 9524 4245 5495 6313 3867 6582 9379 9607 4204 3293 8469 5401 9599 3728 5248 4753 4281 4622 
19 9314 950 2663 9159 3434 3759 3429 6165 9324 8672 8359 9653 7518 6501 1654 3023 8538 4691 6153 
18 9657 1627 7448 6013 6121 6178 1831 2370 6146 7285 1358 470 9756 8623 8923 4844 3229 9329 
15 9952 2121 5481 8063 6059 8437 4025 1119 4952 6761 2844 4261 8641 4140 5446 
28 9626 8698 3410 2531 1332 3294 5466 6741 4673 1843 4409 3114 3475 6380 5279 6041 991 8325 9363 8344 205 5066 6335 393 6035 7742 9829 4996 
17 9037 348 6672 1779 6566 3454 4942 6962 6282 4762 1296 3852 7520 4231 1213 7878 8331 
23 9282 6003 2036 4656 326 5088 1160 542 8505 5268 1814 5520 1033 322 291 1049 1303 5676 5977 7917 5293 2617 391 
15 8806 629 2602 7614 7898 614 4712 6793 3794 9542 351 7031 1347 8891 2815 
21 5282 2539 5120 9064 7364 5087 7762 7830 816 6820 8933 9092 4351 2416 604 5703 5316 1074 7051 7918 418 
21 4184 6255 7876 409 164 330 7479 9681 847 2612 2599 4244 4173 1423 3900 3548 4972 301 2697 6545 4779 
24 271 7357 3317 9640 3966 3783 4202 5409 4872 9822 9896 5306 4365 6134 2364 1283 1073 3209 964 1321 1744 6676 6384 2509 
31 1883 5881 3575 2357 4260 5487 9768 5507 41 989 5503 9477 8190 7933 6081 7048 10 3547 3782 6447 8121 4166 3034 2500 4169 2069 8082 7951 3690 994 9887 
15 156 5603 2052 8767 4608 9798 6813 2018 8805 3359 9861 7192 2608 5819 5758 
39 55 3564 6361 8213 5727 5808 658 9137 5510 8262 3329 1121 4153 3554 6771 6000 3493 2105 6698 1745 6331 2048 8293 4453 4628 7999 5708 3813 5247 3485 2027 3223 6787 7669 4134 7228 4926 1987 5512 
17 376 4344 7010 2415 6832 7065 8160 9697 3360 4210 3060 4431 5229 3143 4820 2819 464 
20 5756 5678 161 6989 3102 6932 3476 2715 9583 8387 1298 2124 8678 8056 5580 3613 4600 2529 8740 9614 
13 2893 5486 3222 2762 6859 9899 5010 3166 804 1895 3718 5549 4241 
20 5771 2440 9830 5107 6023 4355 7274 7194 3992 3213 2793 7741 1092 6617 6511 788 6768 2144 5652 5825 
28 3197 8736 627 9691 1955 3601 2455 7666 2060 4658 4371 8694 8827 9089 947 7793 9225 4852 1786 45 2483 7121 3322 6445 4752 3679 6191 4310 
25 2899 5856 2511 3403 4875 3972 6119 2119 9964 6615 8987 2444 7080 6085 7265 8294 787 8931 6028 191 4983 6112 6323 3591 3347 
22 502 3375 4115 7690 2577 4503 8379 254 5941 7334 272 2413 6530 3006 647 1759 2726 6300 8663 1204 1060 2165 
21 5748 4299 8991 982 2323 8652 4441 6677 4965 5582 4092 1042 1707 1816 8281 8598 6766 4548 2376 707 8716 
17 1613 6927 6279 6751 8953 3271 2461 4198 5747 9056 312 3273 706 4364 269 770 8365 
21 4733 4602 7190 1487 1746 7941 5001 1930 2209 9143 7100 6262 4439 6578 5151 6074 4901 1858 6087 4799 3035 
22 4630 2780 7085 3036 3414 7665 3904 4957 7425 9038 2156 1702 3776 3395 5430 5638 6427 1582 7673 6249 828 4563 
26 2748 3572 277 7648 3830 3717 6021 6601 6969 2675 5400 8662 2796 8743 8624 2016 1320 5810 2911 226 1390 2131 5215 5973 1456 2964 
16 2110 6261 7931 1098 1041 1976 6014 3137 850 4176 7426 4967 360 8162 4042 7992 
20 3119 8191 9127 9151 8014 1176 8150 959 9939 9175 5136 5496 5 5338 1126 1180 7577 3158 1726 9472 
33 1227 394 1784 9406 5393 945 4200 2838 608 3073 8085 3583 1873 4713 5100 4477 2290 2835 9441 8300 3079 201 3448 3074 4238 3387 5327 1397 6624 6051 7390 7460 8008 
11 183 7351 8335 7130 7589 1156 7290 5118 188 7705 763 
22 6069 5668 9620 4028 4595 4089 7697 1436 2498 5031 8004 1058 5117 1432 4381 7850 5960 4614 1350 336 4157 5592 
18 753 5375 7162 990 8259 252 93 3186 5097 1371 1253 7071 1764 6936 9338 2629 5232 1705 
29 6658 4885 3424 4661 720 168 9654 2305 2059 422 5291 1443 6393 3099 6898 1448 5016 8749 9389 5925 4362 2378 1749 1905 3612 8503 5937 869 7017 
22 1640 290 4782 1500 8187 9394 7466 4937 8272 1747 8475 694 7718 7420 5379 1712 2970 7667 4162 207 8947 9097 
26 5890 5636 439 95 6498 1693 4139 6356 8523 106 2234 3524 3221 6406 4626 528 3076 8354 3300 7947 6250 7165 8126 9977 9465 1958 
18 7882 4017 9731 1166 2439 3215 8917 9661 6572 5590 1026 2381 3280 9057 2100 8078 973 7986 
18 6172 4828 6925 2025 3845 7009 6874 223 4932 6555 3363 8752 7288 6482 6976 7235 1939 7739 
17 5405 9054 1913 1787 9790 1591 2284 5396 6184 6759 4280 9843 5736 1983 6212 6840 7163 
17 9561 7187 2548 6157 7164 9029 5625 4850 2428 5648 9170 7954 8522 3853 495 2840 6828 
18 8615 7282 2011 6727 5070 8721 9264 6883 2057 7062 9081 9961 736 822 911 6576 6795 5873 
23 6058 8157 761 2464 6648 444 9912 9031 6775 216 5976 6824 8016 1836 2872 4647 471 4998 5687 6895 3125 6241 5266 
17 6657 1299 8500 235 3465 9780 9435 8720 3630 3598 6688 9124 8322 4142 298 5536 3922 
20 5751 8094 674 5116 8659 6268 1297 8903 1393 6823 6679 2995 7634 6535 8839 3533 4977 7154 9336 7606 
25 200 1804 8133 8554 3915 8155 7847 1281 2979 4256 8263 8007 153 2596 2567 8248 5053 8264 6281 4577 1732 7437 5003 7057 8377 
26 2293 2975 3821 2537 1723 5539 3789 3482 7315 5995 8510 9908 9872 8693 4335 5577 8512 9699 5823 1754 8355 1086 3304 5159 9721 8618 
23 9286 7870 2118 6357 9182 380 5579 6716 8072 1368 2042 1551 3597 6131 9453 9713 2379 6065 1795 2940 690 8122 9281 
18 7134 7066 5045 5933 8266 9205 4232 116 8231 748 3419 6287 6626 2258 6782 1813 1961 4531 
22 9549 6186 4659 3194 8421 7693 2948 8058 987 6873 5099 870 6309 450 3700 2820 1788 4272 2993 5836 998 5859 
11 9152 4345 9230 5103 9448 33 5773 3343 3063 6405 1559 
23 9705 98 8856 6538 4786 5352 9761 8864 1960 9534 4221 2431 7960 7923 1769 1258 3730 8483 4968 5946 2908 5485 220 
24 9757 2967 8328 7253 6346 9481 1937 40 6848 6696 8705 1688 4258 7047 2668 1262 1811 6417 5130 669 8083 5493 8332 9931 
18 9118 8037 1762 5193 8595 1568 5632 4159 6038 9547 198 3472 6891 1219 6845 4759 9552 4846 
22 8816 7372 4502 266 3721 7642 9357 1942 4623 412 8009 8432 361 2354 8065 5236 8095 5897 9119 3427 4490 4716 
21 9743 506 1215 4099 2652 1859 1710 163 8108 4701 1590 8729 6790 4030 9989 1362 5544 4240 9668 1931 6342 
25 9469 661 7086 830 3544 986 2781 4664 4328 3754 8214 9299 5559 5167 8299 3935 6224 4427 2514 4668 3681 3792 3327 6093 247 
16 9082 6106 1946 1394 9358 7461 7504 2676 8270 2763 3447 5048 9307 242 8374 6242 
24 7631 1054 5957 8768 4035 992 4605 2543 115 5201 3154 5689 1383 556 6561 2127 9040 2302 5432 2865 3965 3523 7943 6113 
14 7763 5730 9460 4876 28 8757 6303 7328 8141 259 9493 2277 8959 3284 
19 7732 2217 843 9553 196 7629 8492 3714 1933 4322 6432 9431 8032 3911 9294 3835 2968 1526 7459 
17 7309 6344 9303 5386 1715 929 3973 7802 1606 8532 367 3431 1490 3441 13 9831 7036 
24 5699 417 3840 2997 2207 9858 2126 8945 808 2969 1308 4747 7790 9447 2587 7945 3018 4447 2534 7756 4298 8879 3975 2203 
25 6455 8309 6012 7787 2442 5135 1311 6359 8860 4302 4472 3593 3625 9103 2991 7800 2380 1766 4757 5146 8658 5753 5024 6096 7252 
24 6128 3816 7683 7637 5428 7135 6188 4397 9192 4117 2477 4884 5092 2682 2739 6154 3820 4148 4551 8295 8238 7731 8414 840 
22 9738 3263 7477 6272 595 9070 65 4654 6722 3748 6203 1541 3590 5945 2849 9973 2879 7136 4570 5599 1646 8594 
24 9543 4428 5189 3906 6985 6336 3970 7769 6161 4858 6571 5284 9718 6117 5733 1187 3506 5258 8836 6606 16 5930 9507 9380 
12 7962 9945 3481 9053 1765 3407 5257 7038 3642 1479 5661 9304 
20 7203 7096 3531 3228 1466 7381 5314 1499 1604 397 9275 8165 4715 6506 5185 9154 1129 6302 9290 7700 
34 9405 2738 3148 4706 2791 6786 6804 5006 248 9680 5663 8823 2180 9557 3775 2320 7916 4114 9987 8755 293 5357 2978 752 3235 9422 2087 4182 2987 3046 8275 4479 5414 5575 
21 9712 7692 5012 3785 1700 3981 461 9421 6312 3595 996 7942 6945 6516 2624 1802 5893 5889 4040 4339 7568 
31 9473 1637 6924 6068 2520 4437 7574 2657 1503 2639 8445 1369 691 7456 3044 1985 1871 4582 1791 2148 3004 7560 3118 6142 1484 1991 6958 3180 1962 9555 5286 
11 9102 5793 8417 1877 1899 3015 9791 8451 5900 7472 6934 
30 8209 5744 4170 4575 3208 3024 69 1272 8682 7628 5584 5837 7840 7595 8444 6386 3356 1307 3413 2850 5132 6947 6037 79 9660 2133 5331 6869 2609 590 
9 7671 5912 3600 5644 4284 7343 7968 6350 2764 
24 4855 6115 1845 8671 2745 9263 3532 6218 777 8307 7807 456 2447 2685 9157 7607 4367 3766 5121 1868 9220 1636 7833 9677 
18 3735 3146 5630 3550 4136 9630 5106 4899 3525 5761 3927 1231 8487 9958 8260 6819 8943 181 
25 3200 8835 2261 7246 9276 5701 475 3394 1752 936 2525 4060 4947 9946 7871 5186 6276 6318 5126 1694 1599 2353 6559 1153 1950 
