118 574 1643 629 8158 641 8303 3589 9002 6929 5311 175 5261 6783 4935 1694 3869 6025 7148 8710 1835 2339 4083 8945 4474 516 5185 9466 9364 2008 6784 9269 3509 1464 7733 9048 4006 9896 3094 6380 3067 6169 992 8098 8168 9726 9698 5733 929 6745 835 6469 7387 6807 714 7360 9032 4352 6054 6074 9577 8279 7442 5224 4145 4811 9503 3074 8186 5045 7995 5795 2797 4002 3038 448 2138 7350 3554 6171 7908 7279 9483 8782 9699 9687 3844 4069 9658 3191 6849 3656 3418 6617 1298 6829 837 4107 7001 1499 3285 1364 5657 1357 2531 2617 8755 7328 1224 4064 5449 7008 7565 8995 2079 5083 4737 8854 7114 
85 7024 2526 4479 6264 1610 5193 7340 7909 3442 7266 4298 5986 4351 4400 2559 9997 3248 1600 2070 258 2685 7130 7369 7225 9542 7498 3210 3082 4403 9557 6891 4150 1429 6546 3362 9386 1284 4320 3099 5319 3617 6354 436 9279 2982 7511 2635 2267 9429 1080 348 4679 9251 3749 1208 1422 4891 4427 5822 7017 6374 8288 8413 5578 7378 8773 390 6764 9239 2211 593 8388 8450 1500 7376 8226 3373 1511 2589 8676 8410 5200 1077 2985 7586 
127 3545 7954 5833 6622 1960 4076 240 4087 7074 553 130 8860 2300 936 1839 6023 6641 3816 1529 6908 7724 6257 5550 5512 5065 2458 4291 9484 9442 2125 5978 9188 6838 7116 3557 8178 8070 9911 3156 4790 8855 6035 1082 4132 9085 3502 9804 5379 6342 7260 6289 5688 7828 7670 8818 9738 6539 7404 7817 9802 7643 2152 1439 54 8328 8108 9672 285 2397 6185 7302 9999 932 2493 8881 499 7901 3970 9895 2562 2807 1374 2798 7871 2319 4233 2057 3582 4252 7754 6799 9766 1627 5724 3831 6766 8140 5969 5570 1514 7923 8824 5011 4000 6330 6693 2317 3277 7351 8865 8953 5389 9292 3402 6841 6477 4490 3846 2195 3363 8843 4589 8183 7473 1121 843 1325 
121 6373 3895 384 1299 9460 925 905 9803 7496 9894 5360 6508 565 5763 5903 2891 7105 5079 2672 8477 7699 1832 5063 6554 7419 7358 1678 8454 9202 4867 5533 3226 7451 9515 2445 4932 1801 5549 3822 6482 9301 2158 9998 3555 7025 1826 4234 8828 8270 2666 4250 2671 3732 4418 2143 9695 9579 4933 9489 319 8469 3973 2069 5456 6501 3648 6283 4508 915 6724 5703 1679 5408 1727 6195 3251 7937 156 2481 8597 7157 3508 4039 8412 7227 3140 5010 1942 9149 197 3978 3810 2930 9346 260 532 226 7280 7140 934 5582 3431 5450 218 5400 1173 9561 6370 5229 7072 5929 6609 547 9261 9133 177 634 4296 1570 1976 7248 
137 699 2328 181 5453 6646 7580 2197 7207 8942 192 4886 1645 4204 9028 7834 9477 8780 8875 1098 8176 4714 3796 8569 7458 790 174 8610 9180 1238 3424 3901 7186 4996 7641 6115 9790 9718 5979 6733 3688 1962 6852 4499 8727 8015 3877 1166 7869 3622 8761 2565 8387 2279 8672 4601 1699 4421 9271 8281 7132 5133 2983 6172 5635 5252 8190 9796 3281 7520 8566 7494 991 5053 4140 7101 5500 2420 2414 4293 8712 7709 5397 4571 3235 2866 7231 3126 2017 9334 2396 2400 334 2503 6958 7585 8402 6346 6015 6726 9498 1607 8468 650 4313 2560 7309 8620 7073 2205 8150 1594 7502 3454 9481 2501 6612 2246 8485 5140 7432 9570 1240 2364 5613 5753 4791 3299 988 7136 717 6270 1124 5023 4741 7927 1053 6222 
107 7329 2650 3692 8626 6385 4871 9007 5142 5910 5069 5300 2813 8224 194 8529 8924 5463 1541 7297 443 5084 4391 5125 1302 9674 5199 889 3520 9054 2554 7484 452 7929 8830 7996 6836 8073 22 5432 7482 7059 8576 3035 8589 5001 3404 2594 2771 9563 4435 5327 3166 2937 1450 6658 6865 1458 3983 3202 7271 6951 5890 2356 2699 6353 4662 4918 6130 709 1615 1761 9102 2071 1685 8106 9721 3847 7444 8156 5864 145 5949 9645 6474 9643 5805 6949 4180 5576 3914 5701 324 9043 5216 3246 2117 7959 6872 5386 7644 3696 5392 964 5784 2464 8399 752 
100 5439 7972 2847 4505 9690 572 1020 3697 8639 1536 8742 303 5832 8763 795 5156 4617 6606 4605 9441 1613 4768 8677 2170 9847 9445 6093 2710 78 6563 2908 9602 9326 7065 9178 4094 9443 7956 9555 6842 8567 9275 8829 3178 3888 9526 9818 367 8503 5232 9295 5696 1468 6567 9025 239 5465 1423 4934 7434 7534 237 2957 1216 7746 7208 8899 6484 7346 9393 395 8299 1072 6652 3681 4052 7707 7720 5160 3052 8297 1883 8027 4248 5737 1695 9055 7940 7811 5095 8092 5496 8052 7015 4428 2698 8791 7469 2072 3745 
105 7706 5738 4235 2717 9957 107 1731 3566 50 9448 3121 8133 1628 4857 5527 4847 8814 1776 7628 2405 9502 8204 7006 6053 7798 7362 5714 5718 49 1665 2408 8686 4626 1830 5409 1903 5868 6955 9664 1427 7694 7013 847 6281 2600 3234 3328 365 7437 7917 1281 208 734 9814 8647 8561 287 2739 2254 410 8774 4498 1783 887 6351 5544 8327 343 5736 8271 2380 1132 4598 5879 4218 6901 6479 7826 1405 5116 9824 8548 8316 2829 9958 51 4402 1241 9141 6111 1086 4570 2260 5127 1653 9512 171 9194 6921 2469 1286 9676 6364 7613 9143 
113 9213 1221 1472 7305 5961 8285 982 9 3360 7199 718 9105 9900 4859 9045 4614 9451 8974 9220 4319 1402 8262 9370 5396 9432 5462 4559 1905 5726 7171 1919 6701 4212 3661 8018 4960 2007 2591 8790 1668 7638 6909 6814 3514 4134 6890 5266 9723 7753 5638 738 2250 5028 4784 2704 3652 3804 2738 796 2459 2412 7768 1350 3087 938 331 7166 4411 3157 5704 3666 9010 3411 8076 3004 4156 9196 6982 3476 3890 2159 994 3571 7150 6456 5482 9197 2827 1698 831 3412 7036 1631 3506 7955 6221 7900 4159 9439 1868 8770 2551 8393 3909 7162 7187 4164 2135 8141 3247 8082 8810 1340 
87 1523 9775 8728 5913 424 6579 6443 3160 3736 7830 7000 4931 1054 1326 8083 9528 4531 3813 9594 6742 3194 4397 5610 2488 3594 5421 2747 6123 3880 8382 6194 5959 3101 6893 1635 9435 7763 5075 5902 830 1048 7734 8993 406 5940 2944 1473 990 8130 9446 986 4390 3583 1101 8152 8901 2926 5974 5476 8787 6244 7212 3440 3365 3327 581 7653 8107 1268 8551 9877 9426 4890 8162 1114 1136 2196 5401 4556 9914 6521 6340 4943 1248 9567 8041 5693 
159 336 6615 1521 9835 1784 3095 860 7749 9008 1183 198 7618 3378 7477 1252 670 1877 4695 7230 7918 4062 8025 969 7471 253 6005 1779 9748 414 5323 8 623 1833 3670 1417 1684 5842 9308 1336 4983 8891 4089 5471 4764 2680 6850 1239 719 3535 8442 1332 3116 9377 2335 7892 6517 890 8225 3423 2425 9603 7306 1691 5209 2122 893 6940 4549 9757 3893 1009 4464 2621 9657 6061 9277 2153 9612 5683 4117 9341 6299 1267 4090 6939 729 9156 9272 4642 6305 7750 5806 5762 463 2719 5794 8654 7313 440 5922 483 6550 9616 5367 2374 9081 7639 9382 7134 2695 4949 2065 9930 6418 877 4496 2864 5211 5039 6709 378 3185 7384 9136 8821 9767 9801 6266 183 8246 6781 966 2218 3892 6707 4028 8789 273 1777 4806 3278 9152 7370 9604 8166 626 3137 5866 453 5056 9720 9137 2171 4128 3711 9383 6665 1983 1162 
102 9035 6996 6645 4486 165 1220 5999 2185 1022 6067 600 238 6910 2258 7637 3912 851 6704 8085 946 8527 231 4993 3183 5272 927 1980 2277 6735 4730 7277 8665 9925 2991 7172 9291 9079 6075 5930 7522 7943 476 1554 1129 6875 1971 3 6768 2314 383 9240 4630 9586 1941 2768 6338 4690 8065 1662 8704 3006 663 1553 7773 6613 6522 1810 3930 4125 7569 2270 8667 7322 1307 3859 1690 6570 7235 8883 6798 5759 7748 9096 2796 8846 2500 3881 6141 5373 2599 6440 1202 7718 4434 2221 6362 4925 3368 323 5504 9480 7307 
82 370 955 3051 583 5840 6143 3757 3497 1211 8180 6121 2049 6548 9330 8435 215 234 9886 8049 289 6972 2857 6515 6985 9538 953 6889 6261 3224 4424 1629 9599 243 1156 3486 6647 589 2037 6077 6793 1306 500 1953 9052 447 1453 5485 4225 5345 2021 3188 7283 3017 9154 9511 5601 6851 6232 8310 617 7767 2184 4151 7099 9099 8003 6019 4049 1237 7679 1558 8840 8146 1384 842 6804 2088 6076 2642 8711 813 7973 
118 2355 1755 1159 3821 9829 1194 541 5017 1006 3408 4111 2683 567 4222 8744 2523 251 8423 8371 184 4554 5876 6065 1210 3262 4829 6246 4625 6211 1400 1733 157 6628 4696 659 9204 7673 465 3359 1987 2087 9574 9255 2971 3343 1640 8019 751 5729 9042 2817 3612 1556 5581 6494 6722 3438 4392 4546 5745 9948 3542 7262 3719 7738 5192 9183 799 2972 7595 2376 4249 4243 2596 8277 3093 3288 9525 7233 7858 6902 1160 2407 6924 1120 1849 4340 7441 228 7800 2641 8301 2724 5597 3380 8580 2361 4885 8929 6463 8768 6945 1561 5950 4136 5328 2023 1693 5046 9101 611 5364 8122 2726 4816 5802 7570 4211 
89 640 9980 741 2359 8051 4254 116 7093 4014 7050 3655 2892 7333 4383 6489 2140 8452 5695 5658 9189 6738 3976 6237 30 6630 3464 7087 3718 673 2013 976 5043 3616 1915 8229 2204 9706 7321 9784 1451 6470 1798 2516 3887 6459 2326 3117 6834 6401 8341 9424 5807 2487 1380 2012 5953 8590 5812 595 2912 6864 9618 5219 2752 6379 6060 5770 4583 559 1895 5246 9613 2664 386 1848 6855 2259 3237 2456 3857 4792 3364 1073 4511 515 2693 4659 7688 518 
132 8100 8060 3011 3663 9400 9332 4364 9310 810 2368 9685 4066 945 4098 7538 8808 301 2284 3008 4450 5458 7200 8802 3611 98 2232 9286 3336 3085 9960 8358 9662 344 4267 3602 5604 8663 7086 8960 1944 7425 4689 4458 1636 8197 142 9160 5921 124 4769 1446 7399 4405 4316 7726 5627 9562 6452 4766 997 3161 561 2961 138 2188 9312 8537 7063 5853 3212 3205 306 7625 9410 4757 3722 2177 9181 8315 2816 3761 6384 2968 6095 6439 2276 2220 7327 3987 7548 1264 9083 7853 8391 5985 5803 7814 2751 8114 3962 9940 4523 6623 2484 3910 2921 723 8087 6581 9781 5062 7693 6395 2323 8241 9438 2393 4050 8368 9486 5564 48 6912 7119 9815 9475 4084 4336 8819 5659 7273 1906 
110 1546 6326 2173 2711 9954 3221 9355 682 6498 9369 2509 1434 5934 9509 788 4951 7337 4300 5946 7884 2280 4322 6114 9758 9436 4756 2508 1676 5690 7098 7646 2322 2678 1381 7445 3525 9167 2586 2161 7323 8153 1935 901 4445 9155 1565 2538 6678 3460 4100 3217 6690 6758 3964 7984 7989 4820 1966 1007 61 7257 3918 5896 2014 3624 6959 8462 7590 5388 8897 8823 2885 7704 8344 3499 4707 420 5854 7196 5059 0 3133 9606 7336 9517 3752 5128 4430 4031 2588 5515 5591 4914 6990 1757 5510 4979 5530 6625 1454 3731 9280 7192 3705 9073 8290 6518 4717 2016 333 
100 4131 6066 5352 8592 4924 3023 7223 5626 7205 6242 8936 1335 1549 7197 9904 6399 4215 2413 2063 4501 669 6877 7988 9713 6355 4863 3703 4919 3935 4358 5679 2372 6715 4205 126 1445 4841 4306 6509 7052 9472 8629 5166 2556 3062 2360 5395 5329 3332 7234 6446 1831 1820 2769 8621 1621 2333 4697 2654 7634 9625 5316 3604 5991 7759 8518 2461 601 295 9807 6336 1725 4177 1197 4288 1028 8716 1975 9145 7185 8857 6757 3250 1825 7744 4331 2305 7742 7708 1548 2658 6064 8042 439 8617 1065 7390 7475 5143 5355 
150 6796 2495 8596 345 7009 4223 1175 3449 4548 7365 3039 3997 9921 5377 3875 6108 3677 5567 3672 3691 7974 5844 326 7627 9226 1056 4374 385 7560 1172 9787 6429 2395 3996 6170 5064 7436 4168 7743 849 4415 9314 712 3109 6026 8216 4325 5750 9273 460 9816 2514 3539 8311 9959 6069 7179 1155 2674 2548 3409 3637 510 5557 9952 7703 4535 7422 5778 956 6684 1452 5629 2145 9708 8892 8071 7048 4759 7602 1815 8191 8406 1677 1037 9937 7678 4056 2485 4046 6774 5243 868 305 3920 3610 7562 6769 17 1168 9635 3683 1271 8157 2744 7229 2004 8501 7416 9735 5966 9945 2697 8889 6879 6047 6839 6207 72 4214 9327 3084 5774 9290 2045 1236 6322 3114 1509 8760 679 4265 9906 5274 944 4409 3704 8879 2047 2910 7525 9469 804 3331 5963 8603 7684 8715 2764 5245 
87 6896 534 5447 6057 361 9223 7842 2806 683 8687 5344 4672 6569 7418 261 1606 4202 3377 7108 1566 8632 6511 3898 8832 7543 2470 6117 2585 2483 8320 6679 494 4592 9040 9452 3346 7575 2737 6458 4297 9786 4017 4461 6297 5547 9238 4980 6378 7649 781 9837 1106 1123 7576 9082 9297 8255 4781 6790 4189 3532 1404 7131 6667 3653 412 3375 6931 8720 4116 6984 5919 913 4913 9174 3229 840 7563 1563 9588 9987 3807 9700 5212 5051 2701 1872 
107 4733 1455 630 144 4749 3510 1996 787 9018 7961 6402 6661 3025 7928 8693 3098 4692 1196 832 822 2976 8583 2002 1585 1854 6585 7675 1331 7103 9841 1808 2581 8057 2637 3307 2073 9647 8247 4853 6072 8602 859 5811 4231 9361 2275 9488 1956 937 7435 7177 7440 3028 3908 5223 8934 2563 2095 9074 6971 5546 6942 5335 6823 1134 2130 2406 2994 968 3068 8456 5405 1431 2378 4938 19 9827 4171 7810 1522 8119 9437 2379 684 8093 1382 6797 9108 8792 9749 4512 7997 4247 2558 1639 5251 5097 3078 914 7423 8781 4016 3103 8743 6082 5204 3461 
108 3503 4864 2760 6263 2578 8419 6703 9084 6817 1555 2215 5620 4200 363 9912 3152 7513 7539 7183 8348 2978 9548 675 3231 3353 7945 5532 5846 8933 7568 4521 7557 6098 4560 438 6250 5014 4907 375 5283 3370 7334 1811 2274 5302 158 9111 3444 9554 9306 564 3089 9172 4232 562 5555 517 8978 1736 9919 6280 9636 6356 824 9617 9524 2852 2441 3189 8633 5404 4561 7962 9376 599 5072 3769 5824 4992 9309 1493 4624 9932 1641 7867 9705 2403 6944 3646 3963 8475 5971 4839 7026 6650 5436 5390 6285 7964 8997 3072 3032 5818 3467 3057 8472 7371 3090 
98 7766 4715 2431 6826 9922 8465 6365 7083 9211 4564 2148 2377 105 7078 9064 6719 4872 8564 758 8104 4258 5580 9973 6660 6986 3522 3366 4656 1051 6686 6820 664 5920 249 1845 7490 4844 9100 1596 6376 290 42 7332 5708 7345 7864 8394 2735 9715 9619 6389 6776 6526 5150 5145 4406 8424 2133 4760 6991 6450 4636 4581 6337 8415 8258 2331 8937 6791 1293 1425 7070 5488 3000 1346 4986 2108 1279 3345 8024 4517 8545 6118 358 5490 5262 8484 9294 8522 6702 8318 4115 7014 8524 5561 7712 2163 3615 
86 5037 3884 3787 1 114 1426 5609 7211 136 771 12 3153 2904 2632 8926 2974 7319 9218 5288 85 2826 8520 4396 7727 8171 548 4878 6316 8552 4921 7189 2119 9150 9175 1591 8900 8508 4432 2793 3227 8502 4520 1934 8736 2613 9887 7215 6777 2180 8870 9659 5132 8212 7449 3211 8906 3301 3432 931 5201 3386 8010 575 6002 8822 5119 3014 6825 8869 1315 3521 502 5628 2948 1470 2515 1889 800 9044 9288 6923 2392 6241 3351 7887 9514 
110 3243 7920 9153 725 884 2616 7096 7374 7815 4969 7606 1507 7751 8850 4412 8771 7922 2690 1821 5470 3742 8958 6081 6038 5783 5233 6447 1766 5984 8838 2725 6633 9057 5105 432 9590 4831 6248 5713 2271 6051 102 3258 8914 2354 32 6976 3249 8991 7663 8662 5664 4562 4657 1045 4718 9899 4693 5569 9112 2549 4985 9532 7952 5535 3015 6574 6648 6993 1338 2545 1917 1330 1977 1881 2513 5347 7551 5358 7198 5241 7564 3196 2801 8956 7457 9637 1157 5631 4850 3271 7566 657 6136 930 8863 8494 179 7957 350 2303 4065 3200 5723 8509 9168 6523 6778 5948 3682 
129 7787 1890 5428 1043 3959 9381 2329 6496 1502 4758 3289 8925 9285 1993 9134 3335 5972 8896 5049 1031 423 5684 2358 5346 906 2906 9492 9047 4703 4604 5572 8211 277 3649 9283 6310 4845 8658 733 8544 6400 125 9038 8572 4137 918 9739 1715 7739 7969 9360 8981 1863 989 4648 6706 9850 8923 2505 3527 2373 5263 7650 8594 608 7942 1751 9830 1991 374 8938 5562 1359 801 5513 3399 6483 6862 5834 3643 3323 8660 5816 7808 6414 9541 3308 9166 9725 7642 3699 6627 5551 62 2457 7666 9661 6687 6313 4544 5777 60 1931 7284 8044 1130 6700 7949 9754 8189 5374 1253 5466 6323 2863 1255 7758 9411 9046 8411 7380 6173 1875 1540 4485 1292 6225 536 1593 
91 2636 8460 1010 4060 2059 5101 8200 8962 1897 3533 6775 91 9964 1181 5810 8671 2836 185 4709 6770 9169 6358 6162 2542 2292 7850 3748 4196 7338 7270 2902 4694 8946 8038 1781 9770 2525 5825 979 2199 7379 9118 5622 5603 3919 635 8257 479 8733 8619 4483 5715 696 1091 2734 4149 1967 2533 6813 5106 6595 7452 3195 563 2767 4025 3223 169 8037 6857 7085 7426 8706 993 8033 2299 2536 6410 8314 3310 2482 4873 3759 8054 8064 8765 987 8605 115 4671 1542 
96 1247 8579 2653 6403 5841 1658 6860 9857 1589 2067 6666 9450 2688 2504 2127 524 280 6545 2367 2639 8536 8717 8136 8731 1411 3334 4954 9367 8967 942 2507 4103 585 5602 9704 225 672 1262 473 8232 1447 5799 8604 9232 6125 1550 1436 2434 2476 5420 4736 47 7896 8491 1416 4824 1894 2298 9531 7427 6906 7228 170 6657 3788 8046 4575 403 4388 6771 5743 3659 8284 4515 2715 2051 5954 1059 3033 1192 6166 2371 3546 233 113 8979 9888 3013 8920 9861 1353 6551 7714 8398 2266 100 
88 4217 357 3437 2774 5054 2854 8221 4146 209 5289 2714 1461 7715 3276 861 3382 8573 8798 8952 5859 9984 3590 2610 9864 9846 2875 590 8574 5422 4207 697 1432 844 353 7216 3835 9253 4360 167 8254 9890 8844 1435 6145 1654 2638 878 8666 5402 6932 65 1103 5680 7741 7349 6765 8688 6966 5689 5594 542 4716 4484 8616 6163 2116 6644 3791 6156 3906 3361 1396 2491 4629 5016 8493 101 8169 5643 5668 2540 2308 8882 772 6382 3060 2213 9053 
155 8053 9598 7488 4776 8061 6810 7547 3741 5091 89 291 8474 296 2694 1483 4635 3871 6235 8014 1582 6605 4175 1060 9129 9490 6624 2281 5013 6787 6779 7182 1118 3144 7206 1184 8928 1127 3665 5058 7604 39 8185 2622 6435 4742 7890 5955 554 6683 5529 5074 3500 252 2800 1932 5182 671 5889 9394 66 3923 6318 2091 1024 1663 5586 2245 1768 1025 8908 7938 1365 5520 9963 9319 8334 5869 4884 3470 4023 6284 7090 6377 7282 7822 8820 5809 4152 4711 4854 7806 7610 7838 8414 7620 2555 9482 5385 9634 8856 5656 1489 5464 4001 1349 7160 2723 8007 9974 1870 6618 9151 1878 9753 9146 2932 3642 5024 3485 5122 2115 2432 2689 1083 4649 591 1780 3473 8016 1951 278 8373 7903 230 4124 7698 2648 2097 4371 8799 6828 9267 5391 4467 4282 4558 4965 6219 4957 8661 2210 8139 7393 3118 8239 
110 9274 7377 6179 8877 9051 668 4446 4746 5359 8088 3298 870 7341 5621 1601 8836 6422 4155 4539 2147 2895 4906 3534 282 1756 8142 3961 4654 2791 8955 7141 3324 5647 7685 6529 2416 973 3337 3882 5782 5981 5765 1986 4489 4395 7968 6258 4817 5205 1834 3834 393 9027 7655 9909 1113 980 1347 6033 9157 477 8289 871 6112 2821 8308 6611 1861 7104 8894 2762 4812 519 3219 2448 780 381 123 6694 4302 9733 7837 7829 9014 6327 6600 6752 4719 6296 43 2309 6543 6063 5884 5596 9965 1667 1428 8390 4246 5076 366 7249 1320 110 6050 8047 1929 1575 4008 
101 7481 1085 4948 768 7530 2231 471 5259 5041 3173 1567 8261 9453 9479 6295 7372 9910 5932 3894 7191 8634 7252 2198 7239 4144 853 9842 1040 7592 7245 1612 2529 9682 9880 3774 6556 3777 2443 8656 427 8645 6361 4926 4815 3184 328 7893 7261 8116 8349 3975 8732 9003 5155 5907 7375 2889 3096 6472 6602 6895 749 7246 8530 5221 9559 1981 7632 5746 8723 3985 2652 6425 7107 3179 6208 2463 3180 5667 9876 9772 7686 8812 6344 6597 6607 8562 1579 248 3244 1088 8902 9552 550 2812 7960 2168 7354 2712 5296 5197 
116 7499 5265 3806 4532 4353 8694 1804 2933 7611 3012 6692 2839 1898 3165 3398 6045 3634 9798 4459 4830 3820 2888 5398 8339 6782 9601 1518 6203 1457 154 4318 3562 372 6974 8322 1138 5975 9628 1880 4734 6917 2706 7420 2302 2100 8807 2681 3980 4584 9368 5100 2759 776 4367 5511 2190 6304 6126 1488 9544 8032 2692 8517 9679 855 5331 3441 1576 1090 1363 5898 9491 9298 1978 8513 9012 1456 2579 2289 5766 8987 2675 3075 379 7950 5085 1964 496 1749 4615 1327 1538 2038 9794 2612 2872 3842 8851 9058 5433 1998 3865 6397 6088 1822 8948 4972 7629 4361 8581 4897 9782 1449 6821 9931 7124 
84 1345 2947 5314 2083 7066 5440 6751 4443 6947 5429 7042 4227 8011 1568 7100 7251 376 232 9106 7579 6390 9407 5538 7725 6806 1572 6292 3627 5895 5255 9494 1871 6243 6041 9066 793 2785 9711 3993 2293 9688 9116 9427 4566 103 4236 4638 8803 9546 6109 8355 5136 1440 9759 4368 9278 7581 8326 1111 5151 8400 9996 656 1510 737 9543 6175 4460 6202 8335 1924 6831 6186 3426 7493 1206 5144 5583 3860 1095 9968 4876 2966 5877 
136 9299 5435 2877 971 312 4514 7466 433 2582 4940 6809 1032 7361 6533 4012 2684 5249 9091 3686 9714 4041 7951 9881 7407 6267 6967 628 1958 4289 6884 8977 985 4748 8959 9103 5260 5474 6027 2905 1989 5415 1619 5446 3613 2311 8917 9652 2506 3395 4429 1064 2608 1497 503 6068 1093 8004 3633 610 7115 753 2479 3480 2486 4634 6449 9433 6129 7717 1200 954 4712 7737 5937 9396 5220 2075 3059 6672 9304 4399 9349 4355 6691 7897 3283 7831 8826 6880 2114 6631 6504 1180 7454 3459 4988 8264 1018 3107 3171 7289 293 2577 5082 6092 2946 2278 6100 1391 9371 708 763 9848 4922 2154 9413 6215 349 4538 4321 3026 7113 7934 7971 4999 3348 2740 9342 1842 6596 8240 1737 4086 1787 8613 33 
97 3701 4828 5399 5370 6731 6761 1312 4413 7554 2386 5636 4888 9384 5600 569 6398 1379 5968 838 4045 1743 2773 4295 2609 2477 8646 9029 8944 3215 8867 2489 4773 2963 5804 8644 8627 2911 4786 4187 2252 6119 9300 7846 8815 5299 5814 8607 9392 2167 649 5982 2663 7010 9513 9905 6454 9763 3721 4799 5033 441 8940 3899 1745 8359 3544 7608 9901 8557 4472 8833 6339 9623 1494 1959 4312 2938 698 8354 766 9163 2228 4550 7467 6386 4990 6320 8000 146 3175 5990 9600 8259 4259 3077 902 2226 
112 1158 35 7770 6210 1873 3874 4528 3564 1288 2803 777 637 1747 3712 1681 1940 3274 8965 3614 4266 3417 2532 4613 3543 5477 7278 2788 7463 5208 2000 3974 3632 6155 5383 400 8417 6415 8384 2838 1276 9126 5038 4119 4251 8447 1965 744 4113 2233 4106 1705 6928 8591 6391 9062 4068 8983 2296 6830 750 693 7144 6671 6189 5918 2676 3489 605 7518 7190 7412 4813 7672 9016 8601 6131 7966 1079 1778 9352 2986 9144 957 6308 3110 6835 1261 3967 8957 9529 612 9405 6516 6013 5945 9926 6502 736 2856 3162 8636 4574 2518 5138 4422 1552 3695 5666 1683 3465 2467 1036 
96 8363 67 3479 9070 1949 5933 7862 9780 1794 5469 5175 939 3885 6218 4788 8585 9879 3297 2964 87 7133 6424 2595 2776 6319 5905 4190 8930 8228 8342 6128 1841 3828 2107 1774 2064 7486 4032 46 4880 4185 3968 1185 6961 3027 3851 8283 2733 5021 2845 2028 819 2244 9873 2234 4262 6071 4787 962 4480 3932 193 2927 9580 6900 6120 5646 6674 8135 9523 316 5682 5893 9508 7055 9358 6824 4618 5292 9254 8317 133 807 8804 5875 4304 757 5004 2348 2781 4497 7965 2480 4683 8674 4169 
102 4525 557 1164 484 8861 2544 5519 7977 6239 3385 2996 9031 5924 4058 342 4179 3673 6620 7316 4040 1669 8523 6298 5113 2879 2031 9378 2843 3771 1227 4669 9747 2646 1481 5911 2783 271 2611 7813 9256 8307 1495 7204 3694 8556 892 7003 8252 958 6756 2052 1642 7665 7807 7016 2984 2046 9397 207 4889 7745 6746 9821 6819 5989 1128 5973 1393 9098 267 896 7405 2919 4466 3134 1034 3100 4085 926 444 9244 3379 5531 120 4978 535 7429 425 7102 2256 3675 3600 6363 5137 9225 1800 8405 6426 7735 5645 322 4471 
109 7692 3573 202 6720 6200 1289 4286 6643 2357 1722 6294 3891 5768 3029 1816 4774 2969 1773 8578 8386 8546 3214 3756 8403 4900 7782 5437 6430 2312 6468 8542 4955 3222 8089 9779 6056 8886 2511 3001 3883 2294 2061 5196 538 7027 7091 7863 2943 7796 3607 6265 774 6428 4139 1735 8921 1295 4081 2327 4701 3639 4643 3971 6956 6491 3303 4153 5651 9186 2227 6407 3840 1896 8251 7180 3131 588 3866 8125 8231 2438 7397 4408 5320 2696 4991 4020 189 5606 4793 9235 6637 7184 5545 5052 2390 4332 9030 6287 6696 8806 4112 1089 4586 172 6992 7881 4995 556 
104 9107 6926 9425 5455 6577 9142 2841 1026 7258 9128 2436 2634 5495 5445 7002 4778 9731 1203 5414 1707 4661 6802 5253 6357 1319 3631 8701 8305 6478 8138 3065 2388 9374 2869 2825 6040 7303 1044 9090 9131 5829 6331 2194 6408 3228 7047 7870 8323 1884 2789 1535 891 7583 9205 9701 2660 9162 9584 5828 8374 743 1818 9293 2512 5901 4740 3357 9119 2814 1187 7700 3698 8971 6168 7781 983 8496 8598 7081 1792 4013 173 7546 2428 8194 9903 7624 4439 3260 1968 5032 9171 1666 1709 5558 6159 1782 798 2156 8786 8346 3764 6935 1296 
84 9689 5123 5685 996 1339 6273 9011 3031 7844 6699 2003 2741 1125 7711 8673 9573 1922 7472 2332 1719 1887 1843 5908 863 9132 8043 8969 7487 9454 3394 5467 2492 8683 469 3660 5308 8026 2557 8767 5198 4194 4513 5479 2324 6094 7220 4242 2058 7587 8236 4469 5599 1721 1342 6565 9537 1930 6154 8756 6132 37 2316 5706 666 5820 2191 3516 1438 5573 8489 1217 1337 3002 3512 5735 7446 7953 7967 9078 9289 9173 9955 4195 5333 
130 1860 4726 7174 3415 4529 9640 1318 8679 7421 2370 3030 5438 940 6309 8758 1308 8366 8512 6547 3747 8994 4387 2928 1141 7804 6753 8215 8847 6593 1947 3279 6465 485 1574 7883 999 2346 4275 2778 7339 1370 513 9350 762 5742 6651 3513 8347 8831 995 2263 2587 5165 6475 7324 1696 7503 9697 7264 1433 5556 8086 1297 3878 6970 3507 8748 1604 2629 579 7022 6983 264 778 5678 6578 7536 920 577 5817 8020 21 3879 9399 6832 514 9227 6677 3864 707 1588 3668 4493 4191 7925 1771 8421 2593 8622 765 9465 377 7552 3551 5881 219 1122 1726 4510 9756 3291 9260 4962 7053 4673 8265 5660 1369 6209 3009 5217 9372 7915 9638 8872 5755 839 803 1223 4879 
105 7479 419 4465 6755 314 1474 6167 9190 8985 8238 9681 4495 5524 6070 4369 9990 4070 8541 9575 5493 7201 9551 1019 2433 8735 1790 3469 9461 4735 2253 8463 3808 1104 5170 2381 8479 7224 1195 3576 3593 1269 168 2078 9942 3182 5539 3410 8628 6201 3355 6788 6079 4478 2848 1972 5366 6032 2527 6245 5878 3387 8543 947 9065 9609 6335 1674 1322 2005 9771 9069 967 7508 7039 8340 3669 9761 7875 9556 4639 9233 4971 9696 3105 6003 3674 2659 9242 2979 16 7544 1214 6416 7985 6343 5315 4591 2602 3772 5831 6006 3238 4526 3236 4379 
93 814 8747 5851 9849 1257 8154 9576 3193 1046 7785 1528 4301 7146 1000 7203 1609 104 8179 6737 8793 4154 7089 9497 6861 4345 9744 8324 9969 6371 3567 3803 6461 7615 9592 9995 4698 1117 1817 9115 1914 1656 7924 8845 8401 2970 4359 1033 6897 680 3552 3827 8425 6233 5917 3453 4452 2206 3208 7631 9986 2160 3850 8618 3498 833 7803 7359 6085 451 4022 3658 7710 3815 4299 2535 4963 1583 6815 688 3972 7389 6394 7391 8729 4576 1913 3296 6513 5334 1448 7095 873 6464 
125 923 4610 2572 9967 9200 3314 458 34 1177 3045 8500 4456 8001 6188 2998 57 537 4494 8177 9363 7170 8719 4500 6301 6157 1469 1728 8737 7464 2598 6286 8751 382 5048 9755 6957 5124 5722 3592 6845 276 7764 3936 6505 912 3063 6559 8103 8516 8648 3209 3780 2651 8588 3858 9620 6341 5115 3333 70 112 3270 5417 4870 5177 4519 3199 4080 4166 3416 4874 4908 2878 6359 4133 1383 5702 8835 1415 7342 6138 1652 1107 1235 8443 606 8395 9768 3969 7398 2590 1974 8739 8699 7410 7139 2118 9545 7018 5394 2473 6603 1988 7465 2076 257 1300 6573 3623 4838 415 3690 3450 5891 3671 1599 6885 6028 8992 3746 498 4644 7857 9678 4947 
124 5821 4184 1139 8028 7019 6444 2272 2019 9734 7801 2792 9365 9187 8697 1969 1066 4836 6843 1706 7874 5194 5498 5849 6858 7318 8571 8291 8045 7976 6743 9124 6101 5887 8785 2661 869 8282 8817 2936 998 3405 6535 5287 3855 3036 79 8237 7308 2713 3329 8949 9263 6640 8286 5317 7295 8659 767 7159 2657 6217 4284 8480 6419 9875 5775 6083 8208 633 9117 196 6610 8649 2452 7789 6725 2086 199 5792 3466 4751 6238 3106 9122 8309 3496 3911 6785 6614 4047 7363 6555 8332 9558 1517 1505 3833 6713 7931 899 6754 5732 4378 3995 3108 2351 7236 93 4927 9185 41 6894 9993 6317 6031 5454 9989 2430 3676 2203 5939 5559 1827 2668 
124 1634 9418 2112 9159 6433 5988 339 2763 4420 2172 2868 960 681 9130 8466 2442 5790 1644 4462 2383 7541 1748 5305 2576 8175 9743 9649 3187 658 8961 5521 5711 8433 220 6012 6252 4843 2435 1844 4892 4676 3007 3599 5858 2862 6732 3667 7605 4075 7034 4961 9898 6372 488 3934 4054 7691 8772 4096 6918 1716 1071 3042 5332 6549 7033 4311 2736 6046 2960 9591 1063 9317 3044 5341 4666 148 1490 7614 2620 8170 6324 3619 8805 4537 9419 1471 9510 3588 5031 9764 6997 6795 4882 3937 141 9447 7110 6393 8304 1864 4453 24 5114 8504 4959 5351 8670 2105 594 8357 309 2721 5281 9408 163 1343 4394 7983 8766 5897 1724 7914 6049 
94 9953 166 9663 3003 8115 6008 895 1632 3977 7879 8497 9805 8528 4849 638 2178 3342 5318 511 3812 3127 8696 6512 8762 3744 9712 6978 6495 2521 9962 3965 6381 6254 2959 7109 5874 1670 6536 3794 6867 836 9331 4530 6274 1076 9313 3938 6147 619 3129 1482 4909 5925 531 5801 431 7731 4114 69 5952 2 1283 2024 933 6142 8725 2977 8909 4198 118 3139 7894 4771 4975 5649 580 5536 9089 8193 6251 1936 7112 3989 2822 9792 3490 6022 3287 7149 9022 9034 2995 7987 7661 
103 1147 9322 9193 7040 8367 9245 1516 4590 272 6462 1137 9121 9316 2336 1526 5977 5931 9252 2837 7129 3070 8244 6198 6473 9799 5748 5104 703 4747 1823 3584 3740 2583 4167 7674 7411 6396 4160 8295 1602 3293 1506 9033 8097 3232 311 7790 8029 1460 6837 566 7598 8584 848 3256 5894 6216 4174 6471 883 2018 14 8895 8825 2291 8919 9468 5234 2728 4582 6568 2427 7912 1094 2137 3330 1406 5819 3230 7523 841 6105 3743 3429 5505 8907 1150 2580 7791 6149 5093 1608 143 2453 3241 2347 2454 8635 4043 4567 9496 1813 9325 
133 3311 8343 8893 398 5286 5710 7394 570 3511 4381 5534 9302 8478 5633 4130 8451 3204 4977 7640 7413 497 8996 8330 6228 6936 4492 3903 4347 5871 8360 88 1855 99 9229 9946 6881 943 4482 9337 9391 3206 7537 4101 3147 2035 1390 6268 7778 8111 805 9626 1637 948 8364 7335 9315 9843 2342 1857 8939 3491 4826 4292 6759 279 1754 7242 921 8769 4261 4930 5914 4283 652 8538 3811 8746 8916 8582 1169 5070 1840 8035 3739 8195 8540 9209 1788 6649 6227 961 8110 7044 1649 2607 3252 2597 3896 3984 1087 182 5322 3136 5290 721 817 1344 6878 1092 68 186 2665 7603 1376 8213 3572 7276 90 7630 1243 546 7667 8510 5460 963 4105 6773 6490 4067 9471 3069 7561 8695 
88 5207 3585 2626 9793 8651 1287 6001 354 1112 6780 1789 6383 5256 8532 9777 4036 259 3155 9589 9212 6104 281 3168 812 5202 9237 227 3050 3494 1354 674 4377 8084 8655 5134 1508 1366 8008 2951 5235 8703 9928 7866 6786 6453 3618 5162 6592 1660 1590 1075 1273 1140 5442 7355 9214 5837 3628 9519 700 9595 2343 6663 4253 6080 7037 3664 5378 9724 2750 4821 5728 4502 7963 7859 5773 6144 2949 7936 5380 2967 5632 1309 3484 2987 4034 1171 5957 
101 3856 76 1630 3266 2074 2104 7716 6682 4339 5772 8196 9939 8903 970 3041 7118 2950 5575 5523 1753 475 9015 6438 3928 8059 4804 3988 978 4797 2241 5376 3578 9071 9170 4442 6844 7173 6158 7128 8438 4533 121 7658 2466 3313 9067 9329 5634 9791 5005 8911 3626 7668 9752 5423 9520 9328 867 9161 4078 6307 9165 8935 4229 6151 2162 5618 6177 5662 1527 4658 2691 5605 7793 9684 642 7294 4976 6084 8689 7071 2269 755 1274 6000 539 9505 9522 6086 1680 2861 241 4308 6349 5526 7921 6629 4055 7031 4540 9566 
90 2048 9983 8126 449 6639 8874 2106 8075 4577 5071 7888 7633 9004 9852 7255 4937 5275 9056 8112 4370 727 4627 8431 4182 2334 8062 2419 3940 5055 5786 1746 3657 3169 4851 9421 1950 7067 5648 9094 9192 6739 3254 5427 3203 9547 7886 9380 95 6191 5936 4541 9359 5883 8525 2409 9114 6882 7885 7343 9135 9874 1285 3758 111 3524 4974 3799 6856 1418 1193 7388 6460 8120 4966 7265 6369 6259 1673 2925 413 9216 9120 2242 7612 6332 782 9825 2929 7020 8722 
110 6300 3565 435 2179 5769 6717 7035 5284 7762 6920 7476 9889 2310 8550 3723 8242 1869 4327 1165 1611 9375 6277 9670 9686 2522 8488 5444 1682 9282 8495 1215 609 5387 3784 7765 9500 5264 8381 8457 2297 250 7926 1372 879 5000 6811 8353 7713 5326 4335 6586 3130 8954 5443 6314 7736 7721 505 7243 4543 8690 1355 9719 2818 3647 3091 8998 5872 2201 9811 9387 9430 8030 7578 4173 5721 2537 3825 2498 6582 7447 8074 4143 5671 726 5653 3720 5306 5677 5179 8539 9347 6311 140 2474 188 4860 7310 9769 4936 8446 6863 1717 4678 4386 8555 327 4569 294 6226 
125 7795 1201 2068 6087 1133 4338 7992 6481 2110 3216 3120 9605 4524 8976 4750 7981 8668 7683 827 6099 6801 5663 4027 8682 9284 775 5270 9762 3766 8329 3076 6915 815 5725 4814 7326 2828 7588 1534 7723 4072 3080 1475 3320 3693 9340 6964 11 4798 8066 5589 4950 6812 3839 9988 4091 9516 2873 1762 9869 2092 8161 6097 8444 5543 1614 5412 5215 9800 9730 6803 7623 9217 9736 9630 4506 474 2157 6873 6716 4518 5473 6848 8841 7299 9742 2389 702 8913 2062 5652 4724 2571 8313 5237 7123 2840 4767 2026 6253 2756 8862 8738 8657 7553 1718 9353 5670 4436 2519 4702 4417 8868 6360 6055 4240 5164 4158 4621 4941 3650 4623 7188 8420 1186 
125 3102 6448 8973 7823 9950 1504 9444 7054 1256 4775 73 5078 2255 3054 4274 58 1421 2779 2940 9075 5080 1532 7532 2235 313 5441 6654 8039 2369 1595 6306 9138 2230 472 7697 2285 1973 409 3809 7916 1199 4042 2121 2561 2700 3088 5210 1278 1577 9994 9741 4454 8199 3406 1618 3905 8351 8426 1167 1467 5780 1023 8440 1367 1729 5900 8794 5565 7774 4997 6480 1824 6642 2418 4503 5030 4895 1910 6441 3538 3601 5282 2860 545 7263 2945 3472 7226 8302 3651 5214 950 8734 8777 3900 7648 785 4208 3837 6497 8912 6206 2618 5382 8989 5857 8858 5593 2644 5517 4612 9176 1939 2722 3876 2510 9243 5727 748 9182 373 4998 8109 4898 5744 
100 7505 2953 9420 4785 1904 8160 7453 4883 1943 7979 221 8721 3915 9344 3836 6950 3053 2175 2850 2011 6184 4357 9379 7076 5022 7286 4905 9449 9892 8096 5614 5655 1948 2315 8853 1501 592 6457 4609 4928 1799 6291 9097 8151 2546 1945 3994 8741 3339 5781 7415 4770 5749 740 3886 9646 1182 4444 2524 4633 8205 3724 3830 1003 4365 347 5350 8515 4148 2020 8499 7695 9389 1732 1052 3066 4165 4147 747 1899 4753 6541 3640 9935 9148 3163 9201 7601 3146 984 6409 576 811 9831 6345 8036 9680 3986 9060 4706 
89 1886 7495 9246 1476 1796 1081 1013 1401 2247 8404 5650 5088 9934 6528 7947 320 7004 2295 6729 1697 6840 874 2251 6325 1952 244 9878 6977 5103 44 4647 6135 6272 4245 5502 631 9667 7651 456 6519 7873 2955 4226 6789 4026 346 8350 450 625 9845 4588 5992 359 5716 6249 9258 246 307 4375 4877 9622 6293 2449 3058 8884 8811 4473 9693 1918 686 7250 2273 9203 5338 4178 7062 6220 1358 8511 8249 6710 2502 5767 5827 522 3111 9021 3838 1444 
119 1030 5178 5552 1927 9897 394 2225 1954 4009 3559 7935 5839 8568 5117 6583 3702 4632 3870 1723 3737 6017 9856 1189 4328 728 1562 4011 6808 8273 7395 4138 816 9992 3947 4416 829 3475 8964 2786 7023 3482 5158 2935 4772 2440 7584 4763 523 8385 2656 2237 2958 8389 2547 9572 9633 9916 6930 7470 7990 6721 6164 1039 201 4597 5873 7832 7455 5268 3558 3536 9362 9808 4765 2444 8408 2099 1110 5771 2973 5298 4667 7461 9428 122 8418 9219 520 7809 5183 1230 5356 9095 8222 2151 1463 9773 4269 5855 7944 8095 7028 1008 1543 302 9710 7400 4470 8947 917 1265 5958 4739 6329 7856 5324 7609 5343 3950 
94 7030 7176 9868 6566 3119 8922 2090 8559 2981 1624 6183 4516 1149 2887 4631 678 2096 5863 1547 6234 9521 2142 3284 2497 7799 9262 5970 3768 2603 5951 422 7331 3282 4795 1041 1304 3304 4172 7913 434 3083 5904 5987 5754 5637 397 2404 7135 7617 387 3638 3318 2787 4668 9257 468 1017 9560 4708 3434 5588 886 8275 3049 5835 7756 3452 3325 1891 5077 3201 2956 9982 9550 2992 6514 9467 1814 632 7905 4163 5107 7843 6662 5838 9927 7889 380 2614 4691 4557 3040 8796 1389 
96 5497 1515 894 6655 9789 3421 2604 176 8174 2922 4596 2417 3159 134 9717 3581 5944 2345 687 8319 1209 6036 9041 3889 5983 3852 5640 7528 4755 4380 1623 8795 4004 2761 9208 6102 9321 9859 864 8214 6043 6181 9832 8292 8570 8526 5595 4553 5340 1503 8072 9324 6869 6116 6907 5434 8002 2732 5960 6854 3213 8077 7792 6011 5247 5029 5826 5639 9583 1560 5172 5236 3073 4373 5995 3488 2942 5418 478 4425 2384 5087 5867 5669 5036 8102 9813 5861 858 4437 4837 7533 8069 9459 3319 8416 
93 4476 7660 8245 3849 5491 1067 1035 5492 1909 64 1272 6544 4372 6561 5699 5227 83 7478 5797 5499 4600 3468 4015 573 1413 2447 6282 6621 3151 4713 897 3384 706 3451 9644 4547 4455 2150 9571 1911 4777 2643 7082 9373 8163 4981 1105 4585 2080 3606 4915 6953 9607 2030 7155 5098 5741 1170 596 5542 8915 739 7311 1708 1907 745 3317 1926 9221 794 7304 4782 3055 8455 1923 8023 7998 3645 3390 949 1479 2731 4398 6531 3715 191 4326 527 8448 5686 1772 9250 9207 
155 38 8918 8749 903 5789 411 4536 2471 6676 7238 3817 2627 7347 3463 2352 8608 2236 8131 1005 7818 3186 5273 7671 4579 2805 1557 3446 1282 7194 9140 2729 254 4910 2040 4278 881 3138 5739 9783 3048 2830 5942 4123 7386 1999 5213 1626 4010 8134 8117 3982 6321 5154 3290 621 8968 9473 8470 4953 3401 1131 3753 482 2144 7106 704 2633 7891 1713 722 7357 7344 1688 1963 7860 4682 8267 828 355 2288 6493 1659 6604 5976 1544 7849 1232 236 8905 7558 6594 3056 2085 9641 1902 6792 417 4404 7719 7521 5823 2901 5478 4822 7237 7468 7619 6059 3518 1207 1244 9241 9737 80 7061 3478 7689 9833 2780 1437 1430 4762 1901 3629 160 2859 7077 6315 1096 7202 4077 9348 2543 4044 3504 2802 1955 2282 1853 2446 6030 9303 7848 7626 5760 1795 9671 8198 1704 622 8764 8637 9127 8684 5892 
142 9059 149 6911 1738 1042 9884 9565 4071 7291 4307 8370 8233 732 9000 6705 5486 2625 470 8624 4573 1758 5956 1385 3092 5916 6904 217 3957 7352 7269 9276 1874 2687 9920 2451 3775 330 5574 4761 7779 2101 8167 9388 5362 834 7293 6106 7045 1979 1218 1069 1280 9765 5006 705 1334 7510 3933 3172 7314 2990 129 2216 6451 4341 7161 4834 9039 7514 4448 7315 5553 8848 3392 9728 6584 507 4210 4188 6833 3805 7443 3526 4230 205 2743 8325 3425 8486 7385 3177 571 164 6635 2139 9907 1937 3783 7845 4241 8202 7760 4097 5673 3945 4920 4389 3081 3115 7043 8788 8880 4447 2124 919 3644 5560 4183 2667 2365 7296 8482 1545 7483 1885 407 6871 6744 711 7117 3570 6564 9776 4481 8653 6946 1254 9809 9198 139 2975 462 
87 7669 2340 5050 6868 132 5598 6334 2673 2192 6437 2265 6160 1661 3778 8383 1311 2001 2749 8372 8999 7158 9518 7431 9139 9281 6916 7512 7460 8145 9941 789 4109 823 655 4279 9729 9872 9357 5757 247 8943 3729 2036 4956 9745 2123 3818 2290 661 6968 1703 4545 6718 9669 4858 5153 4256 4176 1480 2411 7181 6073 3540 7500 5608 8144 769 3800 6455 3261 5448 4660 8473 647 53 2980 7991 6214 6124 7068 8599 1179 9650 5815 4732 7788 6122 
90 710 2132 2669 713 2131 3128 6847 981 8113 7524 6914 7382 265 1466 5426 6290 6029 3018 269 2165 779 504 2552 1387 1015 7656 2128 3141 2499 2102 8375 5026 6960 6375 364 6492 6822 1153 495 7450 52 8988 7902 9582 5099 9870 5909 4509 8009 8702 5280 4681 7241 7368 9828 9036 178 5108 8063 876 2820 5734 7701 3344 9578 4199 1912 321 2790 2039 5321 2126 4385 63 9862 466 2155 8338 6161 4216 8048 4832 59 6180 9017 2306 3264 7195 5040 8834 
109 5230 7367 4619 8487 3941 1836 352 754 2758 6772 526 4426 270 6952 4342 9596 8058 135 6510 646 7622 9795 854 5189 7080 5279 1492 764 5484 9610 489 3826 8797 3793 5293 1014 3071 2223 7840 8296 9642 8081 4563 9836 8123 3269 2867 4855 6874 2238 4277 8220 1569 7409 7556 8409 4186 6090 8159 7705 5240 8187 7287 7740 3654 9908 8050 7127 9184 3430 8378 8192 4051 1759 408 2098 3754 8575 540 3943 6632 512 5843 5431 8801 7178 6886 2730 3273 7821 6876 274 6938 8407 74 8101 5912 2962 8188 5375 908 8094 4035 4645 86 7253 4723 2338 6520 
96 4551 5206 8012 275 8941 7970 7784 543 3991 9248 1375 5186 4118 2923 5850 731 2081 3436 959 5157 7501 6925 9740 4620 8253 977 96 4731 8498 636 5481 5061 7786 6734 6048 3726 5148 2649 8638 9615 5585 4363 4104 9703 1807 2517 8274 5337 6973 297 4700 8718 4329 691 1829 8437 1394 4162 4805 7448 2855 604 2041 3605 1828 6941 242 2705 1368 9867 639 9683 7730 7396 7728 3848 2782 1409 3789 4939 5509 1055 4290 1246 3010 3034 8068 6278 6922 4808 7980 5277 5709 8643 9750 1146 
92 6664 5665 9499 3021 1477 792 1700 5168 4989 2849 5135 6727 4059 7244 3556 4220 9978 6288 8675 7165 5993 9918 2307 4622 667 3687 6436 8234 8021 4664 2770 4861 4833 7722 8565 2727 5506 4209 4110 7256 162 597 1478 9268 3568 493 7941 6467 6714 5994 1819 1580 6998 4637 5018 6827 5034 8079 5584 5419 6212 7462 7958 7930 4092 6411 9970 4807 4628 2765 4273 7635 9668 1484 3767 2541 2686 3679 5507 8155 7573 2553 5623 6599 6392 1316 4410 5057 1294 9979 2682 5248 
92 147 1148 1021 1487 1851 7156 5025 255 7664 6037 2006 5171 6656 1692 2777 5518 8990 1360 2164 2568 8464 4440 1916 8950 2934 2530 4271 1317 1420 4865 3396 6230 4973 2214 6152 602 2054 2219 2401 715 3913 8362 7752 1809 9581 1465 9265 106 8963 6587 5798 5413 4899 6524 3917 8013 1392 2865 2606 2496 2268 5672 7836 6302 9402 2439 8726 760 1050 4593 1625 6525 2033 4722 5862 4203 3547 7167 7696 4457 2824 9414 9817 4987 1846 75 152 1290 190 2870 9403 4141 
92 6995 5118 1229 8132 256 4967 8615 6994 3949 7899 9716 9072 6538 916 6560 298 7761 5068 1270 555 6711 6009 4970 161 3755 4982 6350 1249 5353 1222 624 7600 2720 4170 7154 6767 4323 437 9462 1228 2042 7142 3927 6368 55 369 1806 9854 284 5184 8972 6406 7254 455 262 8218 338 6204 8022 1038 5096 6697 5130 2702 6534 6417 7607 8681 2896 3952 8209 4433 3176 4646 3413 9840 3792 7364 2301 7506 5756 9727 2679 5225 4270 9006 6010 7702 25 3924 7474 6980 
96 5003 5149 8724 3872 552 368 5231 300 5947 6948 7213 2176 5615 416 2478 846 9746 5568 8055 3714 2886 3124 7776 8230 8129 1074 2475 1491 6698 3267 82 4902 4061 7515 1838 2344 1291 4968 8535 4875 5174 6333 7210 9806 1578 5203 7994 7771 7946 1571 213 3530 5181 371 292 2931 7111 2915 6888 8910 4825 2757 6187 360 759 3579 4754 3259 131 7138 7677 3922 5141 8280 3447 2382 2897 5522 2835 3868 4721 2240 9464 6348 4463 3560 9624 6231 7529 2468 3403 7687 8268 3926 5007 1263 
135 5616 3019 7911 7088 2318 8235 4475 8272 4842 7126 8287 1533 3225 911 18 7012 1099 4350 7121 486 7975 1760 7527 5459 9323 720 1664 9656 7356 2402 882 2077 3422 1622 3907 6571 6127 4686 8080 9318 10 5325 7041 92 4594 1459 2387 1701 1424 229 7288 5540 3662 3942 1767 1603 8078 7895 2871 6887 6016 4881 2808 551 9020 3145 9026 3819 820 5371 9087 9266 9654 3862 2914 3955 5294 2939 2882 4685 922 245 4945 1190 9356 2832 3400 2772 1587 5218 6024 5700 7932 9024 3309 558 7596 23 2363 8641 5111 3198 5180 9883 2066 2415 724 783 351 8040 3958 3471 9944 1205 2753 7214 3725 8650 3079 5885 6103 8005 1702 7509 6303 7259 9458 7880 9287 1016 818 3047 8124 2113 8306 
96 5126 6553 8361 1793 972 7021 7542 5785 3164 6741 9585 5886 2093 5244 3428 128 6165 8201 802 5712 6562 3904 3086 1586 6193 6675 8483 1982 6558 6898 852 2207 9080 8121 6634 5870 533 5880 2709 9692 5357 2716 6883 2243 8294 7079 1275 7933 4142 2429 4894 8904 4603 4382 9001 3595 7839 2249 6427 7 6723 6695 9474 549 2900 1058 6736 4255 643 587 3352 8611 8250 6689 9050 1620 335 4121 1687 6113 4344 9961 9788 3841 7593 2718 2742 692 4126 399 806 6760 9760 8276 6934 5928 
122 975 9855 9456 3727 9936 6749 1225 340 2916 7597 5480 3797 418 6530 9068 5548 4611 2200 5430 2089 4641 6965 9631 5475 5159 880 8560 5112 5681 5451 888 464 900 7247 3064 8852 862 4330 5852 9434 3706 9431 8708 6503 77 5190 8784 6434 3113 1403 4946 9651 7163 7757 1938 4674 200 4710 9653 6673 7268 3981 6859 7221 1152 404 7401 3596 1837 8779 3292 2462 1957 4438 6933 1126 4337 1407 7032 850 6004 2120 2391 4744 150 8775 7833 7545 4303 3322 5998 6730 909 2366 2287 5731 9820 4197 223 9463 501 6487 2490 3427 8181 5089 4688 4272 872 1752 7209 3218 26 9077 3929 4324 3531 6680 3104 6223 1648 3823 
110 8669 5239 1277 694 6260 206 4019 8293 6557 2707 654 8436 2601 7507 568 8664 3684 5044 9063 4911 2890 5195 5707 3347 5094 7164 4257 2708 4602 7906 4007 4393 508 4192 1867 3501 3710 935 3897 7348 6937 2784 3921 9981 6432 1377 1251 9527 4268 6229 7876 6096 3170 4809 5163 4309 5161 5617 3587 5027 2569 4260 6747 4276 1775 6988 6794 6431 8709 660 4063 6708 31 2528 4333 467 6572 4720 1191 8165 6728 5102 8980 6975 7657 1485 5461 1598 3916 7835 3931 3597 266 1530 4555 6044 5250 1920 2858 2208 7878 9305 7519 4082 1116 1925 2094 9893 4281 4903 
115 8507 9470 9123 2640 117 1893 1797 4287 2394 4856 3275 9338 7193 6110 821 5066 1714 8006 2909 3734 1742 15 6500 9307 9608 6199 9195 924 6367 965 3326 9224 2043 6276 6989 7489 1551 9506 9507 356 8531 9236 7075 7854 5238 6197 3354 3349 9061 756 8864 1992 1145 1531 5698 1231 9614 5923 7428 6816 6213 4206 1802 2954 8680 2060 6089 3367 9409 2893 4640 7060 6668 8642 4572 7802 3586 7827 7240 9404 797 2884 5793 8885 9009 9933 6387 5310 9632 1850 8207 2082 7797 6442 4488 3207 1646 1876 2766 8067 7317 4419 5997 2283 6987 1970 5674 4893 1559 2809 4135 6969 1512 2027 4827 
98 155 8331 2421 1770 2703 6589 7175 1537 3253 4725 9593 8878 2217 676 4704 7366 4862 108 3998 9587 4964 9666 1689 3956 210 1525 9259 8630 4984 8698 4752 8866 4568 2647 5607 7825 7051 826 9812 7007 2084 7775 1001 5705 5847 7574 8266 4823 2883 7084 7267 7599 1049 6899 8481 5791 8256 1245 910 5888 9938 3798 5541 5009 7046 7298 3158 8692 4181 6039 9597 544 3770 4608 9493 4376 29 9457 3433 8090 3487 907 7456 6636 9924 2670 3853 7497 7218 1985 4127 3016 9390 5365 8521 521 770 1233 
98 9199 2880 9019 3541 5307 1109 4705 4522 2029 7939 582 5941 7747 1711 2362 9366 2494 7029 1371 7383 6485 5291 951 3435 1258 4534 5860 2239 8800 3372 5152 7645 7381 6748 2811 8429 6846 9891 8263 4942 299 5403 6590 2222 1070 1188 7868 7572 421 9345 9611 716 3760 7855 5630 6421 5906 7993 7780 9673 2181 4728 446 1002 1785 1786 9675 3474 8600 84 6588 7755 6981 6262 1882 8248 9005 4652 4213 1712 7408 388 5109 4024 109 2129 5856 7872 1888 9851 2022 8143 6052 5297 4033 9478 7120 6174 
95 8298 4102 222 2794 2349 1198 1412 4738 6240 7847 20 1741 2313 2186 3765 4315 5407 9504 2111 5295 401 4362 4818 651 525 7816 1441 1462 6058 5472 5330 4079 8505 180 4349 2746 1341 5483 137 6412 4237 2550 3944 7011 2286 8752 3873 9774 426 1259 9947 3233 1399 6542 6196 9923 4994 9865 7417 9487 6352 5694 2410 7732 6540 1486 9943 6021 8612 528 2337 8577 4343 1908 315 3190 1027 405 4687 8445 615 4616 8105 5776 6466 3948 3242 6740 5501 5554 2055 5747 7978 3132 1078 
