1 6428 2452 8152 6664 3126 7177 6985 6167 8249 5821 8689 5304 8844 9287 3061 7171 8221 8336 7133 4987 8930 1979 4403 3163 6251 8218 6513 4419 4329 
2 45 1641 4392 3579 9286 4573 5478 9439 9415 3785 2068 5480 5352 7388 664 4477 635 6009 8396 7262 6043 4216 8229 9193 5359 2567 2716 3106 711 
3 9475 4065 4246 1113 6234 9640 7974 8285 2021 7078 323 3402 2020 2833 861 8621 5565 4106 2929 9875 5469 1703 1110 2340 9065 9788 5918 2829 4111 4347 
4 2822 5703 6214 7309 5387 5258 2024 4703 9350 5168 6824 7209 1045 7838 1701 157 9666 8498 211 3880 7041 7226 5544 8888 8902 2927 6654 7246 6842 2661 
5 6599 8372 5241 702 2140 873 1095 8737 6470 1897 6268 2547 7282 1126 7962 4351 9598 7803 7823 500 6064 3969 6642 8252 2072 7125 4026 1295 5361 6216 
6 8103 9284 9288 4807 7384 8273 8418 2782 311 4521 1248 886 3515 9228 5782 1771 6448 5924 3928 7563 9512 1384 723 2545 8788 3547 4680 282 7341 
7 8450 3877 7793 276 9079 2664 1042 662 5439 9737 3330 5963 6367 3893 539 2077 9852 2425 5498 8379 8397 1078 7895 2896 4646 9579 3958 2957 7688 
8 1566 4049 7343 1066 8327 1985 3537 43 8460 6567 1643 4720 9300 2413 2982 131 6302 3046 9144 7959 3933 4075 3995 6797 7807 5491 9161 3570 
9 6261 5262 8177 1037 4046 1907 5224 5323 8264 9798 8150 9281 301 3456 3974 3889 8095 5487 6387 9597 8473 9373 520 6273 7551 5536 2902 2879 9418 
10 835 5370 811 5156 9956 3455 6464 2644 3604 4079 5070 3146 8659 3136 9381 2185 1173 3376 2521 9473 3217 7269 5518 8690 8306 8516 8487 8240 5320 
11 6198 9328 766 3643 5116 8277 4309 9571 5887 4263 3166 3277 8755 109 1314 4776 2315 3552 5038 8674 5494 5576 6465 5408 7705 8776 2850 8898 6575 
12 9670 9925 1573 1339 6655 9612 8439 4495 9585 3489 194 5508 3286 7554 8352 6716 6072 1456 5806 8684 4853 5676 4816 6694 5120 4450 3717 166 1150 8887 
13 1959 8561 2550 1768 5129 7442 3757 5706 4828 4185 4306 3362 1168 778 8248 5450 1706 5662 2231 2333 7127 4899 6913 9259 2597 2065 9208 8731 7772 8683 4916 
14 156 558 6152 5740 7351 4123 6618 1160 1306 5700 332 1557 7785 1796 9 3753 9098 2309 5043 5431 3397 7827 9364 9221 4571 2706 451 6217 2783 
15 6440 7822 4433 1909 6973 9980 8594 8365 5053 5843 4822 1908 403 2235 9256 8597 6726 6466 4868 2639 1394 5722 4971 6579 6317 6408 1361 2119 7841 4978 
16 2921 3511 9498 6992 7253 5151 6753 930 6817 739 2654 1435 4344 1972 5048 7199 5737 8773 247 8608 3475 4234 146 3154 9074 4271 3906 1638 6732 1154 
17 2603 3123 4797 2205 4151 2746 740 9235 6793 8182 5222 8214 67 3629 1029 9326 9757 6104 8082 8997 9711 2486 3823 349 1714 6181 8228 3038 8629 
18 2234 4469 1271 271 1926 2168 8266 8564 5396 2281 9274 991 1206 4547 3812 9923 4280 7836 1224 2625 179 6383 3206 4912 661 1594 7166 4698 3956 6647 5107 
19 8033 2417 3911 2715 9073 593 7842 1238 3803 9327 4647 8562 9651 3317 9763 5577 8764 887 5841 6777 3140 8748 8104 9022 3930 8244 1891 1268 9212 
20 2734 601 994 7871 350 4386 4587 6622 4566 3544 5012 203 9502 5830 6665 2893 2508 8614 2299 9726 8403 5283 7017 4176 8802 1626 6052 6161 4254 411 
21 4467 8299 7720 2836 9019 9033 9708 1750 5639 4457 4929 5175 5169 9906 2811 4633 8908 6306 5419 7684 6949 3749 6852 1031 9978 1947 6637 1607 518 7887 
22 2635 9282 8948 49 5534 9974 5126 466 9393 9870 5382 9087 798 2033 4617 6696 7558 1088 241 4653 7051 7444 5992 6909 3687 7386 1655 3633 9481 
23 1179 6638 8590 7979 9785 9790 5610 6244 2541 5935 1207 1622 9703 4179 7663 2704 2324 6170 6724 5060 1850 9663 3864 459 9953 1474 3197 6371 2007 9600 
24 5266 3265 9243 8592 3201 9273 4005 7087 1151 4724 8588 392 9012 9116 1321 8886 7893 1221 5248 1502 6839 1510 4041 1481 1841 7713 7930 7319 1551 5211 
25 3039 5233 3972 5127 6410 6322 6411 209 1725 465 6856 3553 9309 9261 2540 7196 1858 3419 2402 864 6067 7594 9101 8542 7152 2911 7839 6843 2423 
26 5876 3611 9957 1021 7481 2395 610 7347 6978 550 5366 9529 2188 331 3199 4128 2125 3799 6400 759 9521 8809 3469 5719 6838 253 5161 4540 7907 
27 2922 3075 5008 128 4311 9428 4530 3090 6971 6584 1872 4732 2705 7150 1838 669 7750 5957 3718 8086 433 5715 1857 8555 6013 103 1875 7260 
28 1134 957 9336 4318 6284 4983 8746 6902 3905 9270 391 4564 2495 412 9902 7018 3599 7438 8420 7283 3792 2002 1782 9905 3727 8981 5609 2620 4014 2107 
29 9151 6021 5245 4099 2239 6657 5857 1735 1028 6037 2011 911 5080 2165 6450 4335 2043 4596 1286 3916 2222 9225 9661 5812 439 1801 5877 5486 
30 2139 7205 9913 2263 7151 5726 3783 7866 4117 7745 878 4290 3147 3010 8761 8355 112 1195 1720 4837 8380 7145 7501 7354 8749 2385 5375 7270 4915 
31 6975 1143 1712 3987 1421 6876 132 6057 9044 5293 9420 4019 4456 4511 9334 9729 8999 6649 4742 3428 7819 2575 1311 5677 1333 9904 8402 6596 
32 2717 6227 2202 9470 8841 5585 408 7349 2489 261 6385 6705 9964 4410 1249 4139 6078 9776 7003 6555 7057 6342 2612 5560 7970 4224 1697 1397 
33 2820 1817 9826 2524 7707 3164 9537 2762 8506 4229 2509 1002 7370 6143 8378 2060 494 471 3378 1733 6019 6080 5575 2962 1798 9293 696 4364 9346 
34 2368 8644 2583 7011 5483 5148 397 5580 9533 9954 1301 3743 9821 609 4602 7310 6991 7365 5415 4991 7940 469 8127 9881 1287 12 5712 2809 3818 
35 5454 9155 3169 6819 273 6504 35 93 7592 9733 3813 521 8611 600 6836 5786 7700 8519 5186 2596 853 7686 5437 1811 859 41 2444 6806 
36 1434 8090 7337 2954 7060 3 1575 1198 6389 9990 4432 3078 7068 4379 3981 2546 2278 3895 5628 7832 5335 5788 1155 9433 2360 634 4811 4998 3829 1921 
37 9738 8724 6154 7329 5696 2147 7022 1340 8812 9308 3144 5501 4914 5438 7696 1353 5622 904 4305 5078 9105 7034 9205 1061 4798 5685 2925 2494 
38 2446 2265 6931 8781 6030 5182 795 9407 7227 7916 6847 8260 8189 5691 5820 917 5648 8847 7879 1884 5866 3200 4362 3081 7616 1820 1323 3857 5823 
39 2854 8315 3929 8073 4006 9190 9489 5925 8646 2937 2183 9368 8813 7589 6996 8475 3343 7733 1578 4399 1180 7420 8163 8852 5342 251 9030 5698 1954 582 
40 7590 724 7639 8710 3005 5456 1588 8006 7296 2917 3532 5530 1754 6763 7682 2970 5546 7912 5692 1563 7160 5743 5452 7799 8203 7518 8953 6404 2016 5921 
41 3117 7132 839 3333 8083 5448 3318 4137 1821 3675 9363 2474 7056 6484 7493 5652 8028 2229 9730 8692 1569 1663 7933 732 2398 6932 9438 126 7364 
42 6933 5645 5049 928 7890 357 7176 3804 0 4190 6795 7409 8808 933 1044 1642 8341 1713 4740 5640 8419 6549 6031 8079 3447 5515 3988 8792 8132 7722 
43 7759 1377 188 8625 1049 6005 4553 7467 7392 8004 1082 8153 8350 9490 4160 5202 1122 2740 6965 2022 4285 3032 1506 9201 2104 1937 3652 5481 5473 
44 3353 2146 5613 450 8745 6177 7773 6826 7369 8541 2320 8089 39 1144 6508 5006 6841 9066 1950 8107 4439 1945 6592 4267 6076 2718 5650 7861 6663 1766 
45 3060 1415 8977 3746 5423 3755 8050 3420 8687 9818 3494 8106 8115 1873 5804 9292 2290 6689 6054 4711 7198 4173 823 894 7746 1385 7997 5562 7492 
46 2995 8579 6578 6864 5826 6912 7239 7960 2562 6606 4281 4136 1489 8334 7363 8295 5242 1741 4016 944 4859 5140 5232 1266 4872 4422 7655 8636 
47 4506 9742 2496 8850 6889 5005 1276 2770 2950 6300 7455 6225 6773 6352 5909 1409 7564 52 2133 2997 3017 9333 9602 4908 4666 5593 4461 6038 6301 
48 7849 8546 9820 4091 7026 1380 163 4298 9986 7680 5397 4153 3721 1261 8901 9050 4522 4847 424 5923 7446 6825 9503 374 7477 882 7631 3913 2288 
49 5260 8085 8205 6890 3278 9816 5210 4221 4251 7693 2595 9500 1709 7404 2404 965 2872 9560 3596 8304 9946 1065 4558 5792 826 9667 8409 3467 9403 8465 
50 6430 6330 3775 8297 8324 5829 2101 630 5556 3156 4888 4774 2780 6951 628 4471 6786 4555 9671 9758 2871 162 6316 4270 3943 8376 5780 870 1864 
51 7678 7613 2874 5632 1465 5360 1344 5772 1620 5023 9526 5000 9250 8915 4120 7779 1161 7143 992 4854 7085 8287 6911 856 1316 9080 9388 2952 8694 
52 9997 7995 9850 9227 3950 9627 6766 1487 8920 3341 2722 2078 7355 5497 4603 9091 4112 6884 1584 2592 3077 3843 3087 614 6053 5386 3451 4512 9827 
53 5254 9194 2793 2512 9636 4227 9831 9565 2679 1219 9548 4882 7990 7321 4851 7681 9169 538 2131 246 7749 9682 8763 5538 6709 4841 8771 3554 
54 2150 929 4701 1407 3811 8701 8711 2591 3647 8476 3228 3631 510 8963 7586 1535 4149 8480 4860 347 6126 6455 8739 2427 4196 2501 3074 3059 9138 
55 4172 804 352 915 1520 5598 6242 5348 80 3185 3086 1233 4127 5137 2463 2534 1726 2757 9419 8041 2112 2676 2461 114 4783 7517 6495 2789 2456 9799 
56 2870 3384 5952 5545 3518 5251 8726 5742 425 8289 8628 9862 6178 1091 2204 6904 903 716 3852 6589 1008 7954 5358 4468 7457 2054 9748 6264 470 
57 9053 9054 4390 1140 2526 4697 7408 5079 7356 4889 1680 9575 9855 6429 8864 7167 8373 4470 285 3714 1334 988 9036 2285 6761 891 1550 5915 1185 
58 187 3562 6785 5914 1756 1462 1677 541 5274 6740 313 9127 5289 5451 3132 4637 8759 3869 3125 9701 260 9775 8157 2392 7601 8637 5285 2969 277 7264 
59 5959 9440 7015 1036 3762 8714 4788 185 4953 1132 4292 4047 8931 2121 7588 5732 4207 7994 2702 5061 2958 3750 3577 7052 7711 1115 1369 2968 4747 
60 333 7609 1691 9251 676 9322 3847 7359 5105 4900 2055 3058 2825 8278 3003 4312 4737 6963 8186 2598 6937 5264 7465 4979 3369 9710 9398 9786 8805 
61 2758 1599 5608 3501 9606 6283 3851 2642 4273 1253 4110 21 3194 9007 6941 2171 9712 1927 505 9929 8161 2543 366 6986 2115 8110 9422 6960 2217 
62 7833 1938 8657 6623 2756 8693 7086 8454 3299 5090 7291 5096 6456 4132 782 7882 938 5239 5393 7624 3761 5004 6517 3478 1834 6783 2516 966 8114 
63 7318 8453 8406 6640 3855 3139 8651 173 177 925 5904 3603 9072 5219 7948 8780 9011 1156 7225 1400 8340 8101 5649 2751 517 4274 8640 1690 2338 
64 9058 2156 6687 3339 3866 7845 7016 771 8000 7580 5059 1825 2389 6735 844 4421 3927 4118 1955 2449 9493 1646 6702 8174 7791 9586 7474 6480 4361 
65 1785 9960 4236 1751 3932 2914 9915 8093 435 4004 5403 3546 1880 709 58 4277 6226 618 9070 2602 1844 2455 8428 5981 5629 9705 7900 6269 4712 5255 
66 2584 1660 7574 417 9385 8204 589 7201 1174 9314 4792 1309 2826 7247 6892 5114 3129 8837 8171 9016 5094 8354 5922 5234 3351 1227 448 6240 7559 
67 5831 5354 5595 8919 9669 4286 1138 1998 3430 7835 5413 4988 9466 6182 1856 7053 8599 6050 2420 9801 2081 7182 2553 9291 3909 8060 2985 4605 
68 5679 9594 3482 7421 2037 4629 4887 8494 2853 7931 5490 9812 2412 2878 9694 57 7307 6146 9551 9896 2827 7945 4283 6239 8363 7164 1071 7322 7820 
69 5954 1753 3551 7694 6756 4009 62 4282 8263 8680 9093 3892 5249 8938 2967 3180 2631 9596 6739 6087 8048 2621 5221 2197 4877 7677 3030 224 6422 
70 5634 3860 328 2693 5109 4834 2519 2838 1944 5861 4241 5964 8455 3011 9207 48 3470 6079 4453 1619 488 2102 1628 1108 7119 4291 5092 3826 5690 
71 493 1204 8654 7581 9120 5436 590 9395 6186 8477 5311 6238 71 7612 8348 2326 7546 3253 9530 8705 5321 3725 8962 149 1305 9045 2380 8932 
72 820 9764 9584 2858 3620 4636 6779 3854 3821 6277 5578 2116 832 7112 270 1391 2407 3473 3089 5979 8923 5785 4999 9253 9148 2999 4502 1778 
73 701 1492 4951 7894 9397 6868 8834 2536 4145 8603 1516 7108 5828 5073 9552 3137 193 2047 8984 3967 9834 6467 7101 1995 7923 5526 3279 6279 
74 8854 3756 698 7611 5516 6718 9825 7526 6218 1679 2835 4435 5488 3543 5093 278 7888 1351 5123 875 3357 139 217 4319 4608 7106 556 6830 1637 
75 2038 8404 548 598 3707 8108 6221 7675 8638 7062 1708 2610 8435 9185 9935 8190 2445 5389 8973 3999 4308 2503 6209 2812 4228 7731 7764 362 722 
76 2772 8502 6497 8565 2195 294 343 3997 7240 2960 1290 7935 3356 4423 1461 5695 407 8757 646 2650 6934 4968 880 2491 5261 3607 8744 8964 
77 1666 482 1437 8431 7020 3744 2801 4975 2499 2303 5407 2522 6997 4376 6063 4226 1598 7676 9174 2344 1729 2180 4537 3374 2063 3940 7951 4353 1791 6787 
78 3155 9445 2241 6970 6407 1260 8462 4350 141 4641 5781 1023 9739 680 2981 214 1886 5399 244 4972 4932 1658 2978 6339 1765 9474 5513 3436 
79 8725 7794 330 9352 7575 4181 8012 1368 8441 3784 9690 5064 8861 3923 1905 9668 3576 6494 1471 1116 4007 4755 1497 6631 6577 2088 7837 8360 6835 
80 4891 2091 476 854 9219 1644 7259 33 1433 4370 7847 4401 1742 133 922 99 3886 297 8119 7093 6193 401 6290 5776 6248 2731 3057 9018 9837 
81 2098 3968 8523 5113 8049 6113 9027 9665 2238 4758 2989 7257 9332 9216 7712 5379 9283 4656 8702 3162 5103 7797 5892 3070 8742 4746 9863 9687 4775 8194 
82 9191 2163 1893 3383 7230 3009 208 5435 1932 252 3481 1419 8222 2316 3065 210 8610 1047 2379 599 8208 2366 9610 8929 9557 7542 4600 1184 655 7577 
83 3448 625 9791 7331 4050 785 4302 5157 1127 2132 5314 5550 1405 4919 1146 6321 2206 2568 2488 6307 5871 9206 5217 7520 8810 7090 3138 4235 1635 
84 3183 5955 6729 5153 7742 3283 6500 8572 7316 7671 3742 9793 8821 909 1507 9232 8087 7808 3615 7070 6372 6536 9496 7977 6077 1396 6303 5002 1651 
85 7136 5524 7222 9506 2614 7482 2138 7944 1420 6160 413 9689 3131 8775 4918 6846 4700 5205 7141 1084 5620 885 4296 8685 3859 9894 2059 3080 6627 
86 719 4830 7494 5917 4480 5520 4817 1592 800 7045 5547 8047 9372 6486 9217 264 5026 8319 6487 2460 3915 9541 542 372 6431 8712 4352 4832 2623 
87 6812 1030 910 4909 5181 1441 5637 2247 5434 6233 5440 2857 5428 918 1137 7200 3890 2839 9518 6004 7137 7169 7897 1281 638 4590 4256 3642 
88 6507 9561 8399 1860 7985 2036 9494 3871 9457 4289 4062 4374 1960 3695 32 2151 5594 3109 8571 4405 4211 9840 2655 1633 2990 3993 9505 7654 6405 
89 7782 8607 1364 4067 6620 9263 7607 7872 420 6015 2725 1589 5162 1936 2464 3067 9674 5554 5458 4508 9313 2529 1527 5402 9698 5054 9918 5723 
90 5371 2198 6265 1148 3612 375 6304 1784 4385 6675 7614 868 6449 5024 3759 9996 6075 2341 8155 1656 3976 5858 3413 9652 8084 2498 6074 1928 3021 
91 3016 750 314 1983 1499 9484 167 3644 3427 1532 7761 3606 1003 7509 9299 6968 1225 5150 8947 9000 7904 2074 3838 2261 6305 3645 2267 969 
92 6056 3198 9117 6935 3582 721 6452 7800 1149 3167 5514 1548 3454 858 3382 7233 3853 7737 2660 8230 5625 5888 1586 9181 2721 5907 3840 4339 4977 
93 3440 9814 405 7014 5128 5226 1430 9955 4950 7405 1083 718 8857 7949 2576 4761 2283 5187 595 6964 913 8069 9722 7512 1538 8117 7261 936 9192 
94 3883 7545 4259 7458 7109 1631 9329 8873 4348 2061 4489 2426 1034 3251 6772 367 775 8333 248 6682 2172 2196 8456 8818 3237 6360 7843 2213 9527 
95 5832 8896 1704 3476 4186 3411 3667 6752 3037 7105 3364 300 7877 4749 557 9252 8242 1763 8495 5853 6525 8863 2089 8188 3045 2510 501 7004 511 
96 9822 6956 6347 2005 2396 8765 7572 9315 6874 6230 1431 1228 3310 8390 3942 3684 5485 756 370 4429 959 4620 9198 6769 9353 5548 578 3285 6065 
97 389 3288 7397 3044 4715 9761 1373 5170 9619 4031 5603 642 8956 6915 3801 5775 3567 7273 6792 6140 9102 3591 9948 8606 717 4346 6821 7978 6511 
98 2440 4107 3128 2933 6275 9719 2622 250 1485 5900 6185 5533 322 8639 2683 6540 6106 3293 9162 8703 4198 3294 6560 4959 5813 5849 8619 1099 
99 1711 3452 5476 3763 2555 3332 8239 7338 8642 4520 9110 5694 4825 8094 8338 4902 4496 1240 3031 1649 3564 6109 5316 2376 1449 6573 2807 2528 
100 3636 1752 5492 479 9836 215 1093 1770 7748 6523 5297 8284 1320 1147 6208 7271 4623 9426 4056 2580 7255 5995 6583 4366 9285 575 9829 4037 
101 4611 2766 1805 8118 6910 7723 5052 3858 5911 1259 9720 7213 6115 7005 5767 5646 2593 9587 9922 7398 1984 7311 4463 2991 79 6988 2371 5410 4131 
102 5604 5147 9942 3312 3735 3557 9874 8569 4452 8874 1096 7753 4100 2977 6399 9453 3213 4059 440 2726 4464 1077 284 607 4369 7280 3092 6320 5681 519 
103 3160 9246 9366 6463 9884 2144 5867 7054 3192 8723 3835 3191 8801 7701 1170 4148 2951 8310 100 348 2073 6158 5765 4741 7121 3457 2895 8265 7527 
104 3190 4574 3701 3867 5999 3733 2429 4377 2142 230 2028 9983 3435 2354 8601 9616 5627 6124 8291 2490 8735 4810 1086 1716 6490 8959 6955 8392 
105 7674 1387 6888 4327 6351 2873 2298 6409 7468 3398 2100 6976 3622 7973 7012 4340 2972 5272 3773 4269 118 6723 932 4105 6447 5317 4965 8799 
106 691 7642 3533 336 540 338 3722 3001 9078 1121 7743 5951 7377 115 5761 8762 7385 6621 3594 5572 4725 364 9486 2109 399 8559 491 8514 849 
107 327 1833 5967 6635 1560 1515 8417 6359 9084 6515 1226 2325 92 7290 3271 3458 6758 481 4086 9614 6514 8357 3655 6040 652 4384 3008 3555 3399 
108 7245 4671 1956 3385 9175 7769 4942 3326 6547 204 5601 2122 5441 5848 2114 7924 7898 3193 8643 3550 7535 4024 2162 2302 1682 1975 7435 7362 2504 
109 1826 5801 1365 9522 2573 3391 6292 1542 9762 1797 6069 8859 3134 8446 1482 998 4027 5493 4389 6020 1332 6855 9569 7972 20 4895 5489 503 7417 
110 8172 3210 8170 9304 4710 706 5683 6686 3195 5510 615 9545 223 1952 2800 984 5731 7591 307 8817 7 5250 8965 9034 8846 1015 1991 9163 
111 9832 5160 612 6093 2244 1737 9462 6299 3170 8274 1089 3110 7983 567 4583 838 7238 7212 9525 905 1748 2277 7454 7659 25 5864 4580 8986 3580 124 
112 6130 4581 9037 6928 3844 4084 5525 7061 8911 8458 2230 6318 6693 2606 406 2220 318 3837 4085 7350 7366 1987 1982 3483 9523 3938 47 7470 9431 7456 
113 8141 8698 4989 8969 1275 4622 8575 8375 5010 4194 2009 6171 7766 6581 3449 7702 7556 2798 226 1624 5754 4029 8853 3424 8219 5586 5432 6898 647 
114 9601 4349 554 6250 2860 309 3703 964 9848 3234 9056 4818 1747 7549 643 2251 3512 6962 8259 3690 4731 2240 5011 8045 787 5809 7029 9968 2587 
115 8019 1187 6683 191 6961 3696 2279 9546 6215 2001 9376 1899 4952 6082 4578 4669 8529 7353 7635 9846 4491 7193 4000 6981 3493 516 9615 9847 85 
116 6613 2381 8432 3316 4034 4250 7149 4394 2728 8700 2802 9089 5018 6646 3944 8490 9197 9427 6712 8300 9088 8785 9146 8632 9032 9134 7089 5635 7947 
117 8995 2517 5583 3679 9806 5860 1674 5850 1836 4577 4201 2643 3360 1406 1142 9823 381 3754 9195 7571 8071 897 6602 5660 2819 1967 6626 8479 1445 
118 5482 6982 9200 6117 5244 515 456 5376 1895 9883 2373 5083 9833 339 2424 7126 3499 6315 8367 6604 9234 1699 351 442 5549 3328 3202 7718 
119 8980 1925 4757 659 3898 3836 7538 106 2832 4958 7131 6582 1097 9824 5947 6453 4843 2070 4763 6285 1605 7818 6858 9924 8002 4695 2556 9969 
120 8232 4922 8492 6402 9076 2236 1547 2334 8914 219 4684 9780 8665 4294 5230 2741 4240 2447 1523 7582 201 160 821 7602 2203 6008 9866 9882 5738 
121 5455 6791 4166 1014 6382 2212 2053 5670 1707 9531 4679 5584 310 8512 9367 5191 733 386 6039 3252 7627 4849 6926 9637 8522 2834 7008 4963 6576 
122 207 8183 7173 3322 4195 5542 9961 8577 1609 1360 9857 3127 7792 4368 6362 8867 6946 6695 4441 2861 1922 9972 7714 2257 453 2441 7294 7540 
123 4119 8246 7439 7969 7367 7667 6551 3556 3711 1020 7036 84 8507 5600 1308 4230 1511 7881 7476 9337 8656 1949 9603 735 1728 5466 8918 5953 2149 
124 7138 3240 3665 5206 6474 1178 5307 690 7278 9451 9317 7091 1444 8591 3393 3096 958 9683 8116 5931 4663 346 2117 3996 1951 7991 4735 2814 9768 
125 2223 1568 3991 487 2506 629 1236 6866 8389 8728 8499 1395 4428 7740 5800 8578 8497 536 5799 454 9519 2190 2483 4320 621 2268 4866 1298 
126 3425 1595 3575 2042 6237 605 2258 7441 1777 3683 2909 3431 6310 4081 5132 5842 4378 1117 5385 3263 6803 5762 8485 3706 6717 8750 5845 1665 2980 
127 7080 8653 1067 9559 931 53 1004 4672 7202 5142 3379 4021 9222 4045 6670 9794 6768 7848 2362 4142 6108 2160 7505 77 2737 3062 8096 
128 6042 2830 1424 4068 8833 5313 9909 5506 5159 7651 9917 8413 4402 9448 604 4970 5573 5733 9401 1284 8467 2588 5728 2691 4437 1672 9860 5517 
129 3187 7047 687 3099 1558 3118 8756 3281 7163 8123 8131 6707 5282 6908 8140 96 9513 4752 9316 6558 6641 770 5184 8823 1119 9064 5257 4875 
130 8598 6257 7448 1139 5263 7147 6027 1342 5084 6344 8318 6552 2859 8066 559 6644 5295 4706 5636 3789 4013 4624 5016 2938 5256 9152 6546 8311 
131 9861 1539 457 5669 9095 1257 2920 8718 2289 3388 1683 3670 1319 3584 4288 6147 7795 5287 5340 3945 165 7530 4210 4039 4459 2105 1916 3159 2497 
132 526 773 5934 8052 404 4192 8176 1898 5862 7661 4665 2808 5834 2686 4813 920 7758 4570 8866 9085 3282 6122 6903 3224 4287 731 7002 5178 8009 
133 9145 8184 9166 5942 4 5713 5744 5138 2435 3887 620 9815 7076 1934 3502 914 6438 2110 5816 9083 3900 9245 6636 2694 5582 2514 3072 8768 5208 
134 6340 3827 3258 3324 4560 5705 2609 6393 720 2538 1986 7423 4667 3771 7344 6706 3073 1848 2029 1087 5563 4445 6848 4038 9582 4619 8070 9841 6172 
135 6096 688 9104 8120 780 6966 4313 2232 1810 6872 6033 2935 1948 6291 245 6521 5081 5672 508 9009 1513 1529 8556 4407 6203 637 9015 4275 
136 4904 8545 5771 3260 3462 1241 1612 3079 4454 7629 5429 2052 9750 799 1401 9609 3961 8226 912 5468 2688 9638 4651 6619 1800 2329 3970 6133 2254 
137 9392 9360 3361 6475 817 6922 8991 572 380 5074 5119 8369 3020 3926 4420 3463 1840 649 8827 1582 7170 3862 7600 4681 2533 8987 4793 2530 3386 
138 9106 8669 4170 9459 4926 443 1131 5424 8235 2175 7419 9910 7188 2877 1761 512 4113 56 9567 7495 4982 7913 1966 632 6325 6012 9731 8470 2518 
139 586 3832 7096 4169 1700 1123 4252 851 8292 2274 6711 7328 1585 954 8675 2225 2753 7437 5495 5605 8212 1843 7055 4721 6828 5215 6094 7568 
140 1813 3720 2785 6699 3295 6421 5796 5596 5760 9339 4579 7275 140 9458 382 66 1050 4865 4133 3395 7303 3022 5017 6366 240 9383 7399 4539 
141 3042 4662 1285 2599 7416 8966 6727 6205 9491 7038 6800 1799 1695 9233 7276 5519 7673 354 6195 1230 2932 3980 2284 113 1378 7050 1270 3540 3107 
142 3516 2713 3534 6871 9454 768 6859 9939 5343 4095 4443 5768 7620 1885 4414 4232 5884 3329 9783 9386 6243 293 9004 6713 5231 8317 2561 4576 
143 7643 5535 8934 2012 1250 7621 2129 1541 9554 4158 8668 4440 8721 7860 8109 8223 2108 1632 801 6199 9137 8173 7902 4790 7453 2709 4380 7174 4635 6614 
144 9049 4260 9992 4214 1124 2768 7870 9795 6550 3254 594 7334 9249 6701 6873 9421 3409 8196 6336 4686 8612 8280 1331 5445 4927 3710 2487 5365 9700 
145 1141 7229 4878 1816 6509 2013 5714 308 5390 6572 5322 3825 1524 5108 7346 3920 6530 9999 755 6775 5630 6458 1041 4409 2383 7281 2572 2123 1399 6730 
146 6781 5837 6610 7752 1197 8250 9229 9461 8469 525 6918 7059 9311 580 6100 4549 8720 3222 2192 4225 3689 2856 4993 2214 5950 5970 265 3708 
147 4523 4634 5195 8890 421 2912 6658 4478 2983 6630 3794 2040 7237 1352 5346 4614 3571 2700 6685 6349 7736 1912 8648 2618 8164 3226 7194 9914 
148 6570 7855 5889 9685 5855 4391 5693 7988 2310 4885 8944 9090 8552 2017 3806 5718 981 5880 6045 6127 8524 9684 6801 7376 3946 7156 8928 9296 7348 
149 9435 3782 6595 3698 1505 3610 6710 8532 9781 3320 8573 2184 8482 5027 8942 1977 2087 4451 9965 1251 9550 8836 1957 7738 1615 4791 212 9895 
150 3875 7006 9568 1835 3177 3238 7910 3558 4799 7765 8760 1329 7941 3778 3054 5943 379 2411 3728 4301 1775 9210 5085 6086 7396 9828 8374 7178 9478 
151 7851 7566 3460 9930 5968 9097 2391 4089 8528 6329 1349 384 5890 8371 1494 1866 3650 1 5246 1252 3296 3691 8388 2454 8845 65 6722 2810 2451 
152 2849 7179 9361 3598 9382 9629 4076 8897 8377 3304 1849 9979 7429 5367 5152 623 2714 7932 9534 7632 6381 2605 2476 8622 197 7770 8305 8062 6017 
153 9141 5388 8903 7244 1053 6255 5682 1245 3745 1555 8013 9908 4689 9068 5994 7102 1571 299 3276 774 4333 7391 8427 1997 4061 9001 9916 7537 5269 
154 7320 9688 281 8130 5680 1133 956 9675 2788 1074 7802 5405 6780 2632 4213 5982 6940 6938 4786 4668 728 3613 9977 4042 9947 2306 4707 9510 
155 3660 5673 1060 665 7798 4152 5318 8201 9172 943 6256 5412 3975 924 5833 7044 6111 64 1845 4649 3736 6805 543 3910 4584 5344 4592 824 3006 
156 9488 9662 446 5895 5658 2775 4795 4692 841 135 8215 2647 5332 1661 6742 4819 650 6827 495 725 4462 8433 485 7788 2067 2786 6413 
157 681 377 2332 7638 2570 1210 8954 2918 7489 383 7703 8330 7009 1262 8137 4317 2888 955 2492 8113 9269 4536 2199 6782 9633 8658 953 6865 
158 6885 5325 726 6416 6150 571 784 6990 1888 4831 3105 2651 2897 2465 6945 7725 6698 5541 5236 8016 8795 3787 5735 8772 8527 8100 5280 2668 9307 
159 3766 9692 5903 7982 9384 4018 3346 134 4465 1081 1189 2062 6098 1544 7919 693 6930 2292 2690 9985 7507 458 1232 5381 7717 547 6184 7697 496 
160 9581 4501 3693 3618 6748 8162 5990 3917 8488 200 2552 161 9092 4985 6044 1636 6594 335 1941 631 6023 6645 3861 752 7644 5459 378 7371 7608 3748 
161 8858 862 3051 9592 9754 7721 3019 2331 5757 4363 9771 54 4696 430 4723 5373 14 6512 355 5616 6095 1455 6917 6478 105 6972 3083 4135 5392 
162 1579 3209 5324 4937 60 4933 970 2748 4083 6084 7305 6224 1933 189 1458 1054 514 7292 3737 8 3793 1274 3699 4108 4411 7223 2099 5988 
163 1111 2191 3503 288 7543 7180 6816 1440 1730 7097 7536 9993 3834 9414 4943 6545 101 5098 4842 2898 9319 9402 50 2294 4961 9778 5844 6974 2994 
164 4182 9136 4481 9052 7519 1681 5368 679 3934 8783 7462 4504 5791 3095 9411 4167 9630 6905 6417 7083 1356 8881 296 6659 4297 8830 5621 4771 7649 
165 5835 2765 5984 3903 7579 2339 8178 4550 7869 2457 1526 1292 5579 7623 9359 4845 6850 3824 8839 8822 5203 4729 5225 6534 4702 3962 9188 7899 
166 8078 7511 8415 1051 4476 5229 2608 8463 1098 4997 7284 3955 5905 2657 7844 4676 9209 2181 5980 9644 1343 6477 3578 6293 5936 5471 9094 2936 6491 
167 3709 436 1556 2459 2578 4677 2710 6309 3100 2919 7610 4844 6849 7846 3585 1171 3301 8667 1231 8868 5421 5684 267 2079 8770 415 321 1001 5638 
168 2600 1359 1186 8885 9150 7728 1414 9380 6328 8206 2924 1389 5063 2500 6433 4815 255 7079 4879 1561 7113 5190 3426 6688 1939 8501 9100 1773 
169 9321 2996 1348 9787 3306 3623 4867 9356 4395 5176 2176 7875 1723 3174 6187 2560 3674 2708 8414 7040 3245 3365 6196 7301 7128 1237 1881 287 8879 7690 
170 2863 5097 6200 5472 9735 3412 5912 2531 4589 1519 6531 9412 8769 3368 831 361 5590 613 8429 3466 6373 765 298 7440 1279 9320 340 5779 6804 
171 4960 816 8166 8547 2323 7865 9456 3182 2961 2511 4833 1460 1128 6060 9177 4488 2224 834 2754 847 3935 8521 4485 2177 1518 5747 7801 2215 2630 
172 5919 9446 9591 4870 2350 1448 4030 5228 9437 5822 3229 4990 8824 6993 2551 2369 3102 7248 9509 535 3342 3924 3572 7048 6832 480 5859 9697 75 
173 7427 9443 3681 6003 4455 1715 9302 3528 6854 409 1218 881 4873 9303 1046 9707 8283 2484 4261 5444 3097 5902 6489 7523 7730 8077 2273 9410 6014 
174 7662 2086 7251 1614 3845 1740 1009 6615 2624 3545 9839 9677 239 8015 1451 6998 4525 3602 4572 8098 3966 29 3257 4850 6201 2749 7817 6969 7641 
175 9180 90 5136 7636 8540 9115 4627 513 3984 1326 6697 3298 1085 6471 3723 7778 1013 7103 591 7211 2764 5319 7019 3214 4412 7938 283 9784 
176 4114 2698 9257 9646 2640 3380 3881 5916 9725 9006 4262 3315 2124 259 376 6624 449 7500 1732 8056 5362 8059 7452 6661 2328 1958 796 7926 7165 3595 
177 570 6897 5555 69 653 791 8968 2322 3130 9973 8878 3416 8185 6375 3525 3639 4321 1265 761 6468 4744 2363 7666 4531 2779 4827 1522 2367 
178 9543 9213 4994 1976 4249 3275 4069 7541 6163 1693 7522 7873 7989 143 5972 6380 1918 303 4498 1201 5893 3338 9879 5624 8777 5725 7856 788 1315 6588 
179 6392 6488 5908 7724 2747 7158 9238 9310 1871 5121 4533 6378 4986 2342 4756 9469 6249 9511 5338 9298 9472 9348 6907 749 2544 4714 5273 
180 2851 7382 9868 2916 2479 8766 1689 3830 2542 472 1647 6813 2818 1829 9796 8051 5199 9709 6505 2515 8729 963 6103 2095 7107 145 825 1508 
181 4753 3492 416 3659 779 5949 8368 7513 36 9499 5474 3797 4565 3488 805 2010 6451 8534 180 9641 1296 6662 3521 441 4020 3355 6496 3334 7207 
182 1999 2607 2554 5997 3367 6481 6519 2774 6944 5704 8224 6287 4002 1962 4925 2549 1887 4557 6939 3372 154 9048 8202 7486 3527 7617 4518 6189 3808 
183 4967 5326 3937 7922 9817 5896 4730 9745 2161 4483 833 7939 9187 6298 3441 6462 1057 583 6120 5139 2787 3726 1328 4222 6059 8484 5216 537 
184 5588 2847 4773 3951 627 7286 7065 2194 6296 9067 3507 6206 3269 8124 9810 645 2792 4187 272 410 3309 5341 3752 8994 3760 1255 9330 233 
185 3873 7606 8026 4957 5117 1787 8791 8076 8042 2243 7906 8734 5974 3377 4365 6851 5741 7975 8459 562 9062 4121 7287 3588 9476 9927 8187 9838 4331 
186 8044 8383 1491 5247 3417 4104 4673 4048 9425 7330 6820 4375 8666 3034 5095 418 8158 1931 6528 6870 6886 6101 9450 1254 2170 937 3901 9343 
187 9351 7781 552 5377 4777 7144 7406 3151 4874 5071 1104 2986 8448 1102 3609 1783 1673 4648 1058 8825 7302 9318 5571 3015 7478 7852 5930 6246 
188 8346 6062 9492 5310 5460 9773 6634 4356 6553 7024 9921 6648 3124 3390 7557 2287 4800 3184 608 6346 6144 9176 4326 218 6308 9452 869 6202 
189 8849 474 4122 2876 7650 8072 1300 3486 8645 8904 8877 3548 116 3321 1963 7069 3971 7570 7762 4863 5414 1153 5039 4416 7413 2345 2467 6173 
190 175 3076 182 6168 1608 4739 4858 4487 3715 1671 3925 997 4147 8925 3026 3677 4492 8587 9779 9532 867 423 5305 7618 3354 5926 8298 1367 4171 
191 5014 1191 7183 4917 879 4567 319 3904 8262 6715 4921 5442 1459 7043 8796 4080 2697 7231 8671 5047 1755 1859 6541 8112 8247 3734 5774 9724 3232 
192 660 8504 5564 2472 663 2701 2018 9943 7660 2071 9976 6252 6085 9464 1145 95 1383 2200 9156 4359 104 315 8633 5009 8803 852 3957 3375 
193 3387 9248 6294 130 2343 6794 7464 2687 7142 9178 5906 6999 2852 2682 7953 6611 8707 6110 3255 7372 5364 5243 8940 2667 2308 6823 3403 7756 
194 6197 9727 9756 8733 4976 3242 7393 2233 8025 3280 1867 7007 9736 4276 3616 7622 3884 6678 9516 5165 7451 7658 3135 6011 5937 4552 8387 6164 
195 3491 9887 1531 477 9268 289 1412 2908 1354 3212 8258 5279 5395 7308 2817 1413 9119 1495 5212 7373 4606 3624 9789 5665 4984 1486 4674 9995 7272 
196 3831 280 3878 7120 3953 678 2058 883 3882 4864 6138 545 8337 603 5072 7515 5539 7181 1246 9944 8301 7469 7224 8811 8043 8660 6881 8216 7936 
197 6423 5130 68 7744 8445 4304 6616 8741 2601 363 715 5701 5118 1879 1530 492 6617 444 6232 7640 707 9744 9608 857 4337 205 9580 5204 6479 
198 3363 4980 528 7552 1024 5066 4278 6036 1657 4174 3262 1889 527 1056 5504 8882 3939 4310 842 72 4330 1478 8065 10 9069 616 9991 561 5044 
199 8097 3704 8434 9797 5298 3716 3443 1222 6919 9854 7135 3506 1163 3798 6878 7130 1457 2889 9471 923 967 1696 1019 1731 9524 6867 3308 9650 7886 
200 8424 8121 8870 3149 434 6844 9121 4642 689 3487 9035 258 1280 8149 2869 9047 4094 7510 3337 5626 317 5155 814 7411 3601 6883 6561 3143 
201 934 3104 4766 2482 9702 952 6554 3300 8828 9231 1423 7352 3453 683 2759 2006 4125 5252 7064 3445 3093 1107 7498 6141 2627 4197 1327 8351 
202 8786 1425 8027 1964 7383 3267 9394 1167 670 4726 7767 6145 3246 4011 9716 6323 6628 1216 9897 1026 8209 9377 1337 2478 4981 2031 5851 7917 
203 9714 9740 3772 6258 2135 6016 675 6212 6559 4527 8894 1402 394 9389 1552 2475 5958 588 7447 7550 4626 2317 5873 6335 5173 806 3985 8583 5033 
204 1769 1824 5149 5965 8950 6995 3049 3741 2027 1602 8122 4223 1920 6601 5075 1664 1616 1654 2453 1075 1463 8998 2566 8192 344 6358 3664 1345 1793 
205 295 3235 656 4717 6516 1283 7412 1302 9289 5045 1861 2887 5894 1188 1392 6119 8758 478 5927 8767 8181 8508 2865 37 5527 3120 1136 977 
206 3922 1942 2000 1100 7116 7679 9055 9107 4630 5100 5350 4582 8661 1621 8135 8982 4103 6759 8800 8452 767 2619 2732 8554 6503 769 4345 2678 
207 7277 2351 7358 9128 2535 5797 3114 9583 3018 5028 5036 644 8538 9501 4598 3896 4955 5688 8156 3485 7599 7862 9536 948 5110 9423 4881 7534 
208 2805 94 7569 8566 4400 5945 393 3040 9059 4931 5189 7071 741 5411 3568 7265 9312 6334 4609 4023 5194 6401 2438 5019 1874 5391 4762 2670 5991 7326 
209 7937 626 2418 460 2633 5 5167 7561 3802 2646 2928 5803 3730 2615 234 6607 4406 5617 1006 658 5961 6548 1718 262 9023 7729 2585 1868 
210 3592 4397 3899 2169 229 8937 6267 9495 7390 9835 4687 564 8426 7099 815 8370 5631 8054 4876 3270 6840 9335 9025 1629 371 1212 5453 
211 4071 8440 5077 9130 4716 232 8790 9182 6331 3565 4945 6434 916 2428 9595 9323 3960 8199 7325 329 3358 3586 9124 1404 6798 3868 1596 
212 1408 3505 34 9804 1890 4355 1243 2574 9267 2558 452 5291 3241 2645 2348 86 7221 8900 2259 8312 1200 4242 8308 7647 9099 8024 119 4594 
213 8220 3025 5475 7648 3150 9625 7327 150 4025 3176 7336 6454 5847 877 2845 7172 2216 6526 9294 4206 6047 7892 7360 9170 4479 1105 3381 7187 
214 4398 5944 8143 4824 9515 7430 4722 2313 356 9260 7032 9809 9043 5581 2015 1828 4738 1625 4806 9843 3221 6241 5686 7094 8061 2400 7806 5987 
215 6424 4494 9695 3560 9967 3186 3573 4745 3777 7670 8245 7958 5259 5015 2032 2979 2111 7210 7433 5288 6131 7092 8922 7734 566 7968 3468 6061 9741 
216 7653 1846 2365 5112 3954 4175 2375 2410 9994 4691 546 4284 8826 5265 3108 5505 4509 4070 2045 7067 8091 7204 8160 2638 2844 6311 6776 4708 8395 
217 152 7539 2557 1675 1758 2992 2637 9648 3500 51 8253 1172 986 2761 751 4072 3574 1645 7168 122 4102 8014 9903 737 9542 8891 2493 2155 
218 4115 3181 4503 4217 7232 5783 8913 3480 7046 5749 8943 9497 249 1914 5540 8200 3004 4787 463 4233 8430 6355 3084 2626 9563 5618 8819 2681 
219 577 6770 6765 6925 2085 949 9989 4315 4325 3908 5647 3434 7459 8842 2671 6282 2695 884 2988 342 2628 8382 9657 3438 1812 5398 1727 2134 3116 
220 5057 5557 5213 8778 6815 7203 9864 7927 5838 8652 4168 292 9081 3894 6365 5643 324 524 97 1157 5141 4613 3559 3157 9535 2143 845 7502 
221 8057 4949 5973 2 5333 7485 8381 9183 5878 9126 4857 9952 2520 6272 5220 8990 4051 1640 5750 3738 5663 712 7857 5702 5882 3421 6157 7063 
222 3216 5336 6754 1863 5082 1639 2450 7111 576 6263 1215 8231 6129 3175 5299 5531 4541 2941 7098 2816 3307 3712 7074 1181 8682 8539 9354 
223 4078 8394 6151 4279 1267 1293 91 7880 3724 1118 995 1182 8855 6137 6591 8926 2462 9553 9266 4670 8064 3538 5558 1374 651 127 3719 3530 8618 
224 7914 6557 1040 5237 2145 4655 7637 6128 2797 1839 4396 6609 9029 6948 9279 3514 7763 2364 325 5708 5164 129 8951 1005 1347 6136 617 5050 7908 3227 
225 3249 8730 1807 8717 4910 9241 7691 2738 4938 6708 753 9871 1176 4098 6502 2193 8139 3790 7573 6333 1528 3990 5180 5819 1509 3653 8784 8816 
226 5465 5467 498 3682 8936 6125 3949 7379 6473 893 4243 8616 2790 5839 9355 7499 7129 6083 4886 5623 2934 9950 5764 509 8416 9645 3071 
227 1587 1512 9635 7191 8471 81 5446 4205 5183 7955 4782 7830 2004 568 1439 1613 1073 3142 9028 8136 3994 714 3196 6068 3218 9109 7414 
228 7584 6543 8227 4650 9129 979 236 3587 9149 4652 3986 4869 2842 9010 5067 3370 7834 2321 7479 2742 5145 3627 5599 235 1634 1079 7422 531 
229 4852 6668 5528 144 6983 7603 73 7299 4524 2207 257 7122 2382 6192 1452 3692 1536 9077 1623 9749 1335 6194 8126 8985 8032 426 9463 7903 5644 
230 5798 8447 5529 2963 1390 2167 1804 6361 6535 7664 4130 3982 4425 729 5104 3605 5013 1910 9693 9341 1162 2336 3848 9112 2828 8585 2386 8909 
231 6190 1734 5537 5207 2352 1229 2242 8649 8486 5055 648 8892 225 231 6895 6539 8217 5773 4719 9566 1324 9399 5589 2964 7463 2959 4516 3048 
232 1572 1312 89 170 1220 4053 941 6747 3912 7784 7727 2656 4599 863 6426 1488 3204 4404 2208 9026 3593 6281 7583 5795 9774 6947 6121 
233 8709 8366 1779 7279 7249 1055 8679 8793 1032 7243 3490 4295 5427 4157 8031 9040 1973 1565 5602 4253 5449 7490 1580 8081 587 8589 2157 6091 
234 5500 1035 3027 5751 1429 4001 8933 8478 2477 7374 5192 2946 9158 1223 7656 4814 8461 3088 3973 7716 9132 1129 1479 2311 3207 9971 9873 2894 
235 78 2090 227 3914 3331 1923 9504 1904 8036 1610 3850 1564 1214 387 2973 533 4883 7081 9487 4861 3000 921 2669 3688 4664 5569 7789 5717 9982 
236 9189 8339 502 3259 3680 2057 365 8423 4446 8917 7771 1919 2014 7114 9430 2466 414 1710 9901 7504 9574 7665 4336 978 4820 6442 1946 7368 
237 1717 7297 1842 40 1398 8549 8293 745 6538 8316 4334 4519 5766 345 6345 8550 1736 8133 2246 438 4208 4772 9374 9572 1981 396 8574 2296 
238 8544 9038 9441 9732 5612 3671 7719 9892 9853 5976 4124 7387 2044 1483 9959 7853 9507 3319 9528 8331 5891 4022 8635 695 818 2275 7553 6142 3810 
239 7633 286 3630 667 1554 3122 3033 7751 7483 3648 7472 7082 5106 3849 8255 7859 5268 2432 7217 3244 763 6107 8738 4155 4884 2094 3979 2532 2565 
240 4804 9157 8952 9224 3764 4314 216 6994 530 4500 59 7531 4835 2675 305 982 9734 3085 6853 3394 6297 1514 2784 2405 3936 4947 1678 3529 4644 
241 9014 27 5069 429 5910 2166 6731 6437 7317 5802 8655 7925 8347 2416 5664 1358 9876 1272 4946 1702 3751 7669 4484 312 5946 8146 7741 8774 9404 
242 5046 7487 8851 9378 3050 9963 9467 2433 437 8593 2867 5699 3284 9118 7431 4839 6384 302 7628 9429 4781 1475 5088 808 8515 7810 6397 1211 4418 960 
243 7148 7216 4808 5349 2815 8663 5351 9406 6312 5355 8055 4657 4892 2577 6457 8871 5827 8843 8491 6736 935 5143 3676 1974 8672 860 8105 4956 4678 
244 3423 8364 2069 2384 5940 8046 2301 9753 4575 1427 9375 6862 4906 8345 7077 3461 3287 3043 5131 8303 6984 3509 7445 6289 1576 1705 2291 7533 
245 1048 3179 4944 9966 3992 1969 5022 975 5312 4785 4460 6354 9179 4074 1504 4109 8210 9405 2164 3788 6165 206 2987 9886 8018 7726 2481 7996 1199 
246 9413 159 5966 3350 8074 9590 7375 2337 4562 1980 8862 1630 8605 7104 3747 274 6714 8321 7732 3012 7434 3002 1583 1815 6901 5948 836 4821 
247 13 9718 4751 7516 3442 6123 9803 4734 7993 6097 7950 3817 2900 2944 1662 6837 6802 7585 5463 1273 3189 2210 7967 1454 6506 5507 9544 8670 
248 2586 9589 8286 3264 9520 908 2096 8256 8993 6364 4728 5818 4092 1467 6228 1114 7206 8023 6958 742 9926 6733 3498 7868 6833 3274 8236 5042 6441 
249 9168 1125 8080 1822 3405 8992 8958 1299 685 2947 6210 9051 7312 522 6439 8996 5989 6863 6247 945 6116 8789 4510 8241 8165 3101 8268 900 
250 9111 8472 7402 2469 2906 2401 1854 117 2039 6690 4544 6585 9278 989 4332 5076 3820 7425 2974 7821 1072 9061 1869 3208 2703 2041 6498 6537 
251 6808 8961 8740 874 4529 5654 8865 5587 1603 871 2030 2255 865 7884 7146 9424 4750 4780 1480 5267 6700 1208 8905 2884 4490 3663 1739 9558 
252 2378 4303 2152 6493 2930 7952 6427 2794 4193 7401 3863 2948 9370 4161 7831 9122 3740 4534 9676 4770 2035 5328 4036 3948 486 3583 8037 8180 7796 
253 1109 8128 7695 4535 8530 171 2154 5218 6562 2415 5856 2943 2502 4992 8007 5752 8175 6403 2174 6875 8580 1438 8342 5709 4593 4936 5430 9358 7153 6906 
254 2209 596 7380 3064 7528 9391 4231 6419 87 7415 6914 2913 6368 4218 6483 9325 9140 1581 7357 9807 5745 3053 3947 1978 5275 2008 6149 7774 
255 962 4447 7031 3921 1422 8584 7361 4387 1767 400 4431 2153 3795 6176 8254 4146 2727 507 1190 7241 1722 622 1297 6499 9517 4913 5789 6942 2388 
256 8099 9031 5197 5881 1080 1795 2106 5759 4044 110 8147 9728 3121 6829 3646 8362 5790 3113 7578 6957 2361 3561 3977 4150 2422 3173 7123 7747 63 
257 7426 1130 9202 5115 2767 4248 4948 9485 190 987 5238 8296 6882 4601 8650 169 3418 4645 3371 6691 3597 3673 2025 6324 2448 4548 3472 9770 
258 6950 2864 4507 8438 8237 2221 385 9880 5301 3774 9173 8976 7072 4743 3152 3400 5174 744 4357 3600 9275 8408 8302 6943 1943 6029 7850 9802 
259 1574 3628 7496 8464 8820 8681 8609 499 5278 6412 9482 8899 6811 4417 8787 3662 5567 8269 9911 3965 9114 5932 1017 3098 8935 5734 9444 8631 6148 
260 4760 4805 810 6092 2186 8697 2359 3335 901 974 4140 7525 2408 7288 639 8168 3535 8313 8198 9199 7497 5753 4265 3112 6356 5787 1027 3188 592 
261 9159 7186 6461 3519 4219 7625 221 7891 5302 1310 6188 4293 2699 8686 7258 2837 5730 1376 6476 8138 4554 3230 6254 3066 8567 573 6266 4526 7049 
262 8946 23 5653 9042 7986 7436 8410 8022 9808 9254 70 6460 5198 1103 5443 1567 7889 5357 2662 7780 9938 1687 5300 5996 2537 8272 8548 2406 
263 4764 8983 5345 8829 837 7488 7598 1802 597 360 8191 8035 6337 8148 6432 2945 2173 3569 9142 3497 2579 8647 1790 6920 390 4354 9607 4188 
264 1808 1062 9940 3524 5020 1076 5863 2674 1549 2083 2590 3563 6719 7739 5214 7159 3231 8563 657 4920 7562 4012 9766 8782 9987 4556 6055 
265 1577 7395 736 7295 6211 4307 3439 1759 734 83 8144 237 1418 3477 6629 6861 9262 9345 6571 1090 5363 4426 2953 3014 8582 8290 2804 419 
266 306 5383 8971 9755 1059 3266 9856 1917 4003 1317 2629 2178 4430 9160 4779 9681 6924 5825 7943 4846 7548 6370 7252 5101 8736 172 3161 5551 9154 
267 9888 2297 2649 1772 4200 9165 3205 2613 5502 7815 6927 3839 1744 866 9673 8401 8034 9480 829 2831 5172 9167 8747 9805 3311 5374 1503 7021 
268 4077 2795 7394 2736 5308 8421 606 7840 8641 8493 8617 9664 8752 2730 1453 4434 3805 4143 1803 9578 7657 6771 7306 2976 6041 9767 2249 5707 
269 138 9417 2604 2003 4784 1760 2868 4134 3158 1269 972 8832 2998 4713 895 5978 2653 17 7333 6987 1814 4342 2434 2393 5633 5543 8092 3504 
270 4322 1831 6857 2769 2051 9678 1996 5177 5496 7876 6586 8335 5854 1968 8422 7378 6353 4162 9920 7685 5656 8344 2824 9082 2571 3816 6564 1627 
271 2672 7175 5721 5553 8053 9258 8754 9622 9240 111 168 1724 5281 9769 1892 7033 8276 8425 490 6788 9656 8275 2905 2250 4615 9613 3349 6810 1911 
272 4466 846 2813 6363 2752 1604 164 1525 1120 2799 199 9057 2019 1553 4855 8860 1537 4035 6734 9125 4528 9305 1500 4705 9759 6377 5736 7315 2507 
273 3815 4632 5815 2430 3292 8957 2744 3780 1370 8466 1493 4823 9365 5720 9290 1606 4043 4202 5034 8570 7140 8716 1686 6745 3796 3589 946 7652 
274 666 8835 2777 2252 6313 2569 3669 6744 5570 9203 7503 8907 1303 6114 5606 5356 7155 5464 6967 279 827 8719 7987 754 181 6667 5928 5227 4300 
275 6845 8207 4660 5461 9139 1913 1521 3625 6750 3989 6893 7432 7157 5122 1052 9830 1341 3007 1757 6034 8676 9691 8088 1470 1393 9723 5897 3634 
276 4768 8468 1746 2228 2141 6520 6566 6395 9186 9885 8794 9247 9628 8509 947 2581 6518 9998 772 3052 3115 1827 7480 7342 6818 990 6271 1738 1363 
277 602 4066 6959 7864 291 6767 4183 2745 1882 5975 3637 7000 1371 6024 5135 4258 7630 1033 8537 7826 1234 242 1447 1685 8197 3779 368 7805 9958 
278 9988 523 5938 9039 9751 7715 4486 3520 8398 7812 8213 7928 2685 4180 7035 4424 7514 6326 4475 9005 7786 8557 9680 9686 3661 427 4683 6639 4184 
279 9890 3632 256 6032 5574 6746 5125 6979 2318 6860 532 4515 855 3828 3495 2658 6877 8921 6035 8021 6391 4449 6569 2211 7214 2075 5836 7234 
280 42 7235 5031 7976 4718 3091 6286 243 290 3791 5404 6018 777 1094 5971 6204 1789 9626 19 7547 786 506 7619 692 7100 3931 1851 9204 
281 7324 8125 9699 1152 3347 5188 5303 8517 9436 5068 6574 2548 5869 1721 8560 6166 9387 762 7285 7956 155 9306 5380 9878 6921 2881 9349 7775 
282 3233 7946 6046 7699 6556 9242 9477 5296 9658 3508 6651 5290 4546 4199 3437 8975 2663 3261 7710 2750 6259 8411 8838 3219 7508 1601 6332 6179 4087 
283 4473 6980 4088 2940 6563 9549 6341 3203 9660 2955 5592 3846 6386 6253 153 5758 2312 6725 1291 3566 2880 2356 9623 4255 9962 1263 8978 6587 6632 
284 7735 1247 5462 6374 1562 9540 3513 2403 1307 3608 8294 2066 8384 8630 8732 633 4704 1743 6132 6070 1018 6593 8535 1543 2904 4586 1235 3767 
285 395 6879 8586 8261 7980 5201 1258 980 3340 2931 872 8536 7001 2666 7184 183 803 1652 6469 7874 1902 8451 6 2264 940 1540 4767 4964 
286 4974 6245 8003 1597 1659 2295 3297 1411 9220 9634 2260 4212 6612 125 2739 8688 2692 7813 4911 7634 3617 5814 11 5091 892 3041 9071 6952 1648 
287 4935 4794 9236 7084 8615 813 1865 7981 565 1256 6191 5661 3685 1498 1830 4934 9021 3408 2473 2127 4073 6089 2729 455 6169 9003 3769 2659 
288 2823 3496 1924 4896 8063 1217 5619 2409 7755 1676 9760 2370 4215 6544 5477 1469 3359 2319 1426 9226 5607 1570 7220 4905 9679 3345 7885 7911 
289 746 9538 4238 2399 7867 2137 704 2771 4341 6472 8677 5998 9434 8436 30 7909 4164 840 3549 2458 3658 7567 7998 2885 9041 5667 1350 7134 
290 7418 4474 5511 5668 2841 1794 3272 927 2707 7450 2050 1618 6809 6757 3389 4129 5755 9465 6789 9746 2773 1989 6799 2926 6002 7804 5029 819 
291 102 6319 7475 2971 1776 15 3479 5457 4640 1039 9970 2120 1244 2984 6398 1382 4838 5331 9017 8496 7814 8359 9539 7228 4360 2712 4890 764 2611 
292 3902 275 9747 7449 2353 5144 2840 2136 4444 4559 4497 6814 2390 6749 1063 9400 263 2113 3433 176 797 7339 8510 8533 1428 8941 3870 
293 1788 7115 8875 2965 2394 6703 6295 1477 7190 38 76 2092 1847 1719 1496 5040 2910 8444 7646 4245 9379 9813 3239 2942 4058 8307 2436 
294 1386 6796 747 1745 1239 5522 9599 2158 3215 9889 1158 6674 9655 9844 7692 758 2564 812 3776 1940 9357 708 1443 3998 2866 6673 1106 2791 
295 6229 3856 7689 961 1855 6379 8831 484 8627 1692 4941 1069 781 8814 5426 2187 6396 3327 4618 2023 7565 4427 783 1930 730 5729 6235 9255 
296 4801 6597 4996 8949 462 6485 8320 9898 2179 619 7816 636 3415 4748 6692 9617 2419 8804 7783 6529 1388 8075 1277 9713 6153 4237 4585 2480 
297 9696 3171 3640 3373 2049 3731 320 1194 468 373 7039 4316 2314 1294 9547 6565 5056 2899 3414 6896 4709 7263 1183 6887 2248 4517 24 6542 3531 
298 1965 1038 8017 850 8751 504 6007 8553 266 7268 3035 2355 3303 2617 1894 2387 7218 4812 5920 4939 1617 1372 1546 3614 5870 8743 1653 697 
299 1472 6425 8400 4442 3536 6262 6105 9975 6162 5763 2097 7672 2262 2724 1774 5270 3641 5154 2026 2665 3178 7250 6774 5158 4138 5032 4257 3918 5065 
300 445 2803 7529 2305 8193 4082 3225 174 9338 1242 7407 4591 228 1929 3446 3211 6223 3068 5655 1970 28 5089 9108 3352 4688 5678 1559 4871 
301 4141 8568 3471 9632 9899 4393 6643 7768 793 1792 2735 9704 5200 5330 9390 802 1169 5651 5977 5111 2347 3165 5286 9277 192 1464 2594 9556 
302 4189 4338 8503 4415 5086 1165 3541 3243 7597 1668 6183 4612 7242 5716 1416 999 1781 7428 9239 3768 4563 8326 1112 7289 9900 6762 7593 447 
303 4661 9447 9743 3781 8234 9721 8798 5223 6236 5133 8067 6954 3819 2056 475 5746 9659 7410 1823 1992 3874 7389 195 3800 4995 8011 8945 4625 
304 9371 3833 108 1442 4156 1994 3348 5315 358 4040 5420 4658 8020 6006 2372 4538 1611 7961 5179 727 2377 876 809 6916 8195 2349 8753 
305 8595 551 9891 3907 5051 2346 3619 6764 1193 9919 4383 7340 6721 6741 7615 2245 3432 9611 5099 1355 9369 7197 88 4381 8895 120 2956 6090 
306 7256 3247 8134 6936 3702 7957 147 4358 8005 2689 4204 7400 8939 1870 1135 6048 7626 1336 3621 8457 4220 142 9514 7683 7192 3289 7965 6625 
307 671 1896 8481 1278 9752 7668 9223 5163 8876 5687 1000 1988 5874 7298 9877 9409 5422 4595 7403 890 9605 1900 2559 8979 574 6737 2582 9604 
308 5062 6001 5865 9408 6681 7185 5433 5512 4413 5659 8623 359 8989 6406 3063 6134 9297 4191 8271 807 1159 3523 9631 464 7521 3148 950 202 
309 6603 2330 4239 2048 684 8634 7896 5253 2892 790 9593 2539 7300 2082 585 3897 2485 9647 2271 6270 9639 3739 7139 7595 6415 8596 2781 1990 
310 3236 6720 5898 896 9772 220 9184 8349 2843 4163 1166 5689 6684 6418 3672 9893 2227 3248 1901 8361 3526 2374 1878 6222 497 9869 7854 6051 
311 2414 7984 563 7323 1016 8526 7915 6436 8211 8511 7345 2923 428 213 5956 4438 1780 7314 7506 7254 2875 9301 1786 7858 8916 4962 3876 
312 3590 6600 7219 6102 5868 5166 4015 8581 5146 6666 5983 1915 8722 3700 700 2226 7829 1338 4499 5271 7274 8010 2282 8058 6704 9113 7934 6088 
313 2652 2335 4458 8613 5102 489 9272 2680 8238 1749 8159 907 5306 3983 8713 4033 5899 9867 1101 4154 6066 6751 44 2776 6435 7555 
314 7828 7708 8797 8282 6869 6580 8442 8001 848 2286 2891 9218 6388 3220 1068 1876 222 4010 483 6894 1534 8449 4505 3111 5196 3668 7921 7471 
315 2182 4765 7698 3410 1264 5901 7110 888 789 1011 3055 5852 4382 8807 713 4328 7999 2118 6314 1476 2471 6420 18 889 6532 9164 1533 7460 
316 8551 5503 5794 8872 2358 4323 674 902 1971 5597 7811 2076 4930 8883 9344 9483 4610 7189 1591 8856 8030 9849 4907 8343 4840 6755 8443 9932 
317 5777 5941 6231 9621 2126 473 5875 2525 7304 569 5770 6728 8142 7088 3978 5037 6760 7964 5929 5933 4324 6139 5615 2093 8893 3474 341 4659 
318 4052 8543 1590 8699 919 4093 7878 743 5568 1092 8967 5913 4343 2882 9214 4493 7027 3732 6219 8806 1501 8169 3141 2505 1288 5021 1993 
319 9340 4796 2855 3919 1600 238 6676 2266 5969 5879 1688 6590 1436 7532 4551 1819 9276 4836 4924 4159 151 1953 9819 3842 6929 2189 3872 2719 
320 5552 7030 9131 1809 4126 555 7777 5748 3865 8602 3392 5347 6010 178 6175 388 4244 3885 4372 776 6834 3626 5657 8520 196 624 4923 8314 
321 7901 6671 9951 9811 6000 4694 996 2064 9442 5793 8505 6510 8038 2939 7013 4693 9653 3822 5697 6605 1362 3023 5521 7604 4532 3024 6598 2084 
322 2648 5756 1670 3172 3323 6822 703 4809 5401 1883 8391 4101 2720 3464 8489 3657 6492 5003 2723 7095 6880 9449 7073 3841 7154 4682 7966 9555 5666 
323 993 3765 8356 7161 2966 5883 4597 9133 2846 5384 8889 123 9845 7058 9196 9264 5001 4299 6394 2733 3223 2443 8393 4631 9912 467 4897 1177 
324 3581 7918 1818 5566 1025 5058 4472 4545 5425 4856 8008 2276 2743 6338 4727 1403 1450 4826 3029 7293 5824 8179 9020 9143 1010 2431 4789 
325 2711 1196 1862 1325 304 6049 7117 926 431 1694 9654 6213 4090 6156 5409 6376 5810 1903 1164 1432 9013 9508 8955 6660 1446 4268 3444 6207 
326 8039 9460 7929 422 8884 682 3103 3429 4055 7484 7195 7596 3705 9002 2237 6653 4893 2307 268 9230 8664 8474 3542 3450 9642 4699 7066 5674 
327 7576 4568 6482 5171 4628 8970 9936 22 4388 9562 7267 9618 673 1517 2034 2327 2128 3638 5087 6081 3133 8323 3459 5805 2616 1313 4690 
328 8267 1330 8624 6073 738 6099 1012 9949 2280 7706 8558 6174 8329 254 5484 3325 3539 5641 9265 6679 8243 4367 843 3404 4685 7162 
329 9215 5532 4803 4607 4165 4096 7028 9324 3069 9842 5309 1935 5817 337 7757 8972 3891 7208 672 6831 5710 7461 5337 7544 4561 8353 5470 
330 3145 7704 5886 968 3291 2218 4514 939 3465 5235 3313 5329 8145 8332 8279 4177 5479 1346 8626 8525 3809 2159 7687 2778 5985 31 2915 2901 3952 
331 3153 5209 1410 9123 9937 8727 3651 3770 6276 6989 8815 3635 5993 9024 7124 6180 985 705 9432 8600 9331 6899 2046 8068 8225 2634 5885 
332 1764 2890 6155 2253 158 8924 6446 8322 8040 6357 560 3290 9280 4829 2300 3047 5614 7023 3666 9271 7266 7905 9620 7332 6159 6633 8167 9577 
333 7760 534 6778 2304 82 7381 1593 6652 3654 4542 4064 584 5417 2903 3786 2256 830 6343 6900 4928 4675 5872 2796 9576 2523 4643 5007 973 
334 7313 3119 1192 4436 6677 4639 184 74 5523 7942 3407 1698 198 7491 2949 6807 398 6527 46 6118 9649 9945 3713 9865 3959 3758 6680 7215 
335 654 4057 26 2755 2201 8281 4969 8251 1304 1852 2760 8437 55 9672 3963 8288 461 1366 8869 7971 9715 1318 6260 8695 9244 5960 3422 7010 
336 1466 5939 9075 3694 6790 4408 899 760 5406 9153 2513 353 529 2589 4371 6743 2219 4482 6443 1379 6568 1381 4848 4733 1209 5559 3697 6650 3517 
337 4616 5334 4802 432 5416 4903 8111 6274 5769 4272 4032 7443 7118 4448 4373 2130 9046 6058 9237 6608 8102 316 1375 3649 677 5372 6390 8696 
338 9211 4543 3302 9984 4144 2677 7605 9362 4247 8988 3484 4266 3686 5962 5727 5378 6953 6288 5986 9171 6071 1202 1669 3729 581 9765 7424 98 
339 2636 553 7335 2293 6348 2468 6522 8848 4264 3336 7863 7560 5840 3028 9931 6350 8029 2270 976 8662 6923 9859 7754 8779 6533 4954 3305 6656 5193 
340 2993 1468 8513 1417 7790 8500 5784 4017 4638 7776 5811 1650 5808 3401 9570 9295 2886 4894 2641 5339 4209 8576 2269 3406 951 5418 3082 
341 6891 7787 7042 8906 8910 8257 4116 794 3678 8325 7466 5292 3879 1853 3344 6977 9717 9928 1043 3964 7920 5025 2437 6022 4973 2357 3366 9643 
342 5030 5041 5185 9416 9907 792 8328 4880 5277 5035 6672 2397 1490 6026 7075 1832 9103 9706 148 4203 757 699 640 6327 3168 1473 4063 1289 
343 7883 8678 5134 906 7992 9147 2673 8673 9851 8912 8358 5327 2148 9135 9800 3888 8129 3013 1213 2272 9396 668 4569 2883 121 5276 4940 5240 
344 2563 8386 61 3396 1961 971 4621 2470 1007 7037 4028 8604 9792 3941 9588 2821 1906 2684 5778 5807 9479 9063 1877 9934 2848 5591 4097 2103 
345 3256 5846 4769 4966 6278 1282 1322 5739 4588 1545 5509 5124 6025 3807 9060 2527 3814 9624 8233 549 8704 269 898 9342 8708 9347 9573 5284 4901 
346 9858 8927 5675 3268 5724 5671 402 6738 5369 7709 2763 686 5611 7809 1667 369 5394 9981 326 4778 579 8531 186 3510 1762 6028 8151 5561 
347 9872 4060 544 6459 6444 6280 5353 107 8840 8309 4178 7645 2080 9455 7587 3250 5447 2806 1684 4513 1357 9468 8706 4008 5711 2907 8412 9941 
348 4759 3656 9933 6445 9096 2439 8620 1064 4736 4898 7824 334 3094 9008 1070 9564 7236 4654 4604 7825 136 137 942 5294 641 3522 1484 6135 
349 8407 4754 1205 1175 3036 5499 6112 8518 8483 7473 3273 8691 7025 6414 611 8960 2975 1806 2696 8405 2421 828 7524 6784 1022 6524 8715 694 
350 6669 2442 16 5400 9777 1203 6369 8154 8974 1837 822 3314 710 4862 6220 5642 4054 3056 7963 748 9086 6501 983 2862 8880 8270 9782 8385 
