6 213 242 141 293 274 130 
5 271 12 256 206 151 
6 259 156 265 59 272 84 
7 75 68 112 288 94 257 175 
10 180 282 10 181 152 155 123 153 132 183 
5 296 185 196 106 233 
9 285 114 119 223 142 228 240 178 149 
9 0 95 243 101 201 43 126 135 208 
5 111 98 154 49 2 
7 121 48 287 250 176 194 52 
10 212 127 96 11 219 205 104 1 77 247 
7 216 258 16 67 143 173 165 
8 13 89 131 35 78 215 262 278 
9 161 284 140 83 289 297 69 9 169 
11 85 290 63 244 170 25 266 71 37 189 211 
10 54 80 224 50 160 139 20 192 279 46 
8 260 214 73 42 124 238 30 229 
8 249 15 245 27 70 292 252 97 
6 226 295 177 5 264 55 
10 203 21 204 207 197 190 138 145 47 270 
10 116 294 273 39 241 82 298 269 199 66 
6 148 276 107 146 209 22 
9 103 74 174 61 6 235 248 120 186 
10 162 19 281 14 237 283 81 31 182 251 
9 92 125 217 236 147 90 255 51 100 
6 62 150 277 40 157 195 
12 133 105 113 102 202 158 23 93 118 291 115 17 
9 159 218 32 239 163 76 45 280 231 
6 60 79 188 28 254 109 
3 144 57 268 
6 136 198 232 29 26 191 
4 227 200 64 86 
4 18 91 128 3 
4 87 58 44 253 
5 164 171 129 230 117 
4 137 261 172 122 
4 167 110 4 286 
7 108 72 210 187 267 166 222 
3 88 220 225 
4 41 134 193 56 
5 184 8 246 38 53 
3 275 7 263 
1 168 
2 34 24 
2 99 299 
0 
0 
0 
0 
0 
0 
0 
0 
0 
0 
0 
0 
0 
0 
0 
0 
0 
0 
0 
0 
0 
0 
0 
0 
0 
0 
0 
0 
0 
0 
0 
0 
0 
0 
0 
0 
0 
0 
0 
0 
0 
0 
0 
0 
0 
0 
0 
0 
0 
0 
0 
0 
0 
0 
0 
