2 7468 7773 
1 2591 
2 8227 2448 
2 7227 9803 
1 4796 
5 7948 5489 6229 9211 9069 
2 2418 1344 
1 7206 
3 3202 9787 8331 
3 2736 257 7181 
3 2573 1408 1293 
2 9927 3347 
1 4887 
1 5982 
2 8890 1880 
1 1855 
2 9459 9910 
1 7110 
1 8563 
1 3560 
2 7716 6753 
1 6517 
3 2660 5850 5592 
2 2176 8596 
3 1817 5174 2210 
1 9287 
2 9121 5071 
2 8670 4471 
2 4027 7391 
2 1135 7433 
2 5991 7678 
2 2384 6527 
2 7325 3207 
1 5903 
2 8967 3288 
2 3647 7581 
2 5480 3638 
1 1000 
3 5091 3911 9960 
1 1339 
2 3539 6840 
2 6544 6285 
3 476 2795 9909 
1 7632 
2 7013 978 
2 3321 2528 
4 306 4252 5531 1212 
1 6686 
2 2718 1956 
1 2887 
2 2053 4023 
2 3654 1159 
4 8088 9580 3571 1718 
2 6321 4941 
2 5983 1022 
1 8824 
1 492 
2 8773 5226 
4 8071 7436 7842 4298 
2 3358 4557 
3 8306 8888 2100 
4 1399 6576 9567 3836 
2 1192 8727 
1 2758 
2 6190 7813 
2 5441 5230 
2 7575 820 
2 7804 2939 
2 9954 218 
2 6377 8730 
3 1376 5977 8648 
3 9377 1473 9637 
1 4469 
1 4793 
1 773 
4 8303 756 4220 7115 
1 4646 
2 9483 4818 
2 8965 3936 
2 3760 1190 
2 4411 3491 
2 4011 7909 
1 9824 
1 7025 
1 180 
1 9723 
4 6039 2212 5084 2363 
1 1555 
2 3608 9868 
2 1067 7376 
5 4829 2346 4401 7833 1288 
2 8192 5059 
2 9925 3341 
1 5968 
3 3708 2430 1452 
5 563 8968 5834 7789 6603 
2 7444 1626 
2 3578 7061 
6 6252 7613 9147 6241 6350 7641 
2 364 8253 
3 719 2288 923 
4 1178 1844 6935 7917 
3 4679 1381 2445 
2 3696 5886 
2 6879 4483 
3 9252 5513 7264 
2 9550 9359 
2 9763 9520 
2 4070 2951 
4 4138 1744 8947 1374 
2 9044 9515 
2 3381 1114 
1 5578 
2 872 5067 
2 7122 7809 
2 9251 9360 
3 8184 1778 9530 
2 7464 5478 
3 8578 3709 5293 
2 4528 1545 
1 7621 
2 8402 4700 
2 3827 5127 
5 2297 7147 6046 8862 8611 
4 1563 4420 4716 1086 
2 5553 6090 
3 7355 7362 7742 
3 1208 3614 322 
2 1319 4417 
2 7284 368 
2 4006 7760 
3 5649 23 6960 
4 6591 1435 6994 1726 
3 6912 6515 8330 
5 6031 8605 7233 1456 9380 
4 5444 1654 828 5616 
2 5371 7482 
3 7109 9186 4301 
3 6463 4052 3111 
4 7990 7295 2310 770 
3 6403 873 7972 
2 666 3861 
3 9349 4736 1064 
4 1803 5969 2516 4042 
3 311 1023 3824 
2 2412 7522 
6 8711 4329 7023 9599 1213 3517 
3 7347 7015 763 
5 499 9346 9615 5248 9719 
4 5332 8788 4364 3014 
2 1146 9693 
4 3147 1027 1015 8654 
3 1105 2866 6018 
1 6834 
5 3291 2486 9451 8345 4908 
2 4520 835 
2 3225 2620 
2 7075 766 
3 9418 7978 8374 
2 7684 8553 
2 1246 5979 
2 4868 6080 
2 7506 8433 
4 4467 5780 8218 4846 
2 310 3870 
2 4588 6143 
2 7453 1140 
2 4838 1973 
4 3362 3088 1894 6019 
2 7913 1998 
2 9249 8047 
3 7108 1922 4325 
3 1874 1061 6610 
3 2015 3230 240 
3 943 1347 5825 
4 6583 7337 836 5884 
4 7779 6238 2819 9058 
2 9019 4949 
2 4717 1018 
2 8719 1284 
3 4644 8571 7458 
4 7346 9914 5010 302 
1 1546 
1 2709 
3 1529 641 7235 
2 4317 5573 
3 2177 8019 5456 
3 9740 6355 231 
1 5254 
2 2541 3367 
2 1785 8000 
3 5975 6405 1599 
2 3729 3086 
2 7655 9525 
2 5985 7989 
1 4604 
2 8422 2926 
1 2265 
5 8758 2099 8998 4140 1559 
2 8111 4321 
5 7862 4048 6744 4390 9956 
4 9913 1002 233 2669 
2 2751 89 
3 3193 174 8994 
7 9449 6745 5562 3256 1919 2815 7093 
4 8878 1143 5742 2840 
2 4352 7432 
3 9864 5281 1652 
5 1206 7383 3705 3431 1425 
5 4948 1695 9049 4735 9227 
5 2717 9579 5919 3028 3679 
5 7379 1194 4065 389 9569 
4 8599 9489 6600 9099 
5 4836 1037 9750 229 807 
5 768 8546 3161 8982 8119 
6 908 384 3272 3252 3536 431 
5 211 5914 3767 7600 2007 
8 1269 5245 2981 2359 613 9999 6441 7937 
6 2944 7196 4523 7113 7239 8722 
6 4450 3751 8245 4361 5891 3897 
6 9436 9372 1706 1427 4127 1343 
6 4629 1776 9985 9519 6665 3737 
7 7891 5679 6319 3507 2812 0 5821 
6 8290 549 408 3145 5813 2308 
5 6208 1433 1821 3694 437 
5 39 6129 6499 8397 148 
4 8679 9509 3388 7713 
5 5307 3508 486 2593 4181 
6 5721 2171 1670 6207 1713 8364 
8 6913 3739 1421 7483 4559 8929 8070 5828 
5 379 798 8139 8895 9967 
5 8792 8102 1442 4022 5646 
6 1459 1411 3774 1736 9921 5296 
6 3986 3389 9732 3312 2463 5618 
6 6548 1789 262 264 7767 3134 
7 6076 9920 6855 1131 9601 3298 7182 
7 8373 789 4810 388 9048 2693 1602 
7 6647 8793 894 4419 5604 9642 4987 
7 6150 9109 8200 3246 5950 1356 1562 
8 2112 3163 2977 8886 8815 1118 8606 2940 
9 3693 5295 2710 2343 7835 8340 2502 6365 4308 
8 1040 137 584 2678 995 6988 605 1682 
7 3334 5317 5498 594 3324 1586 3633 
9 3557 7534 5382 7662 6382 2191 6914 6995 5044 
9 3580 1676 8326 2237 9021 3635 1751 3887 3184 
9 9289 8028 636 6801 576 9258 7519 4191 8046 
8 854 249 693 5589 7854 5325 6521 8301 
6 7609 8632 4580 4337 5147 1823 
8 6200 6222 9754 5909 9528 3809 9663 1439 
8 9636 6825 2777 2582 6005 2192 4240 4622 
9 4435 8950 5437 7153 454 2481 6520 7068 8048 
9 6293 1016 7528 1763 3964 251 2411 5988 9931 
8 9744 6541 2649 688 8975 9840 6911 7997 
7 6762 742 3516 7218 3504 6060 5575 
8 7097 4255 7940 4465 4500 9600 1478 8572 
7 7373 6692 350 8661 5141 879 3755 
11 7119 4214 9702 8244 1959 5255 7844 6845 1426 5348 1254 
8 3030 799 4058 1610 3926 31 3903 5461 
11 6607 6197 3027 2851 4025 6792 4977 3023 764 7252 1653 
10 7088 6547 6904 3650 5851 7280 4763 6514 6226 1242 
9 5858 6910 1286 4438 7771 1021 1642 8762 6828 
11 8073 3833 4709 3135 9848 9541 6564 9257 3844 9878 9639 
8 5954 1560 3178 6509 3890 9986 4177 8908 
8 3325 4068 5134 8809 5705 5533 8278 6099 
9 4084 8996 9462 4100 3515 4492 3337 4476 4416 
9 9735 9563 5140 2654 8946 8031 9301 6348 7146 
7 8348 9686 767 2825 2615 8490 4600 
11 9463 5377 7929 4830 6581 25 600 7152 129 4320 8753 
8 5711 6333 7599 2476 3552 6477 4811 1808 
10 9613 3778 4249 8958 905 3810 440 362 7601 7527 
8 4405 4744 1316 3008 2269 3742 3850 4778 
11 318 8173 9804 8038 9229 4373 6397 5669 8080 6518 1680 
10 7957 457 1422 5593 7815 2896 8276 712 2172 1594 
9 6735 9817 6298 9403 1289 2747 8913 7899 9648 
8 5169 4802 7635 5802 4950 4275 8581 8319 
10 5557 8830 9055 647 291 7577 259 9507 3158 4568 
6 3530 940 819 9609 4936 7784 
9 6430 7778 4470 5343 2619 581 6614 1285 6170 
7 6484 7680 884 4005 3265 6889 8251 
9 2166 4493 8035 5864 6072 4774 2298 3620 7992 
8 8189 7314 4636 4727 7127 8948 7410 7042 
10 6740 9737 6480 4698 7703 5344 258 5910 948 4996 
9 881 81 1513 7753 589 7947 3020 2983 2862 
9 3430 2954 4043 71 5164 3957 6322 5404 562 
10 9090 7561 7501 4135 6320 8568 9076 4412 8430 2806 
8 3311 474 9897 643 8297 8240 8949 5334 
6 7971 5997 1893 2491 4844 7524 
10 8520 2074 3315 6622 3061 9253 1216 7904 6917 4779 
9 9138 852 1842 9880 9385 3330 5883 8718 5973 
8 313 867 2510 3733 5811 5072 432 8865 
9 864 2125 8077 1385 7658 5776 4823 6158 5661 
8 3104 8780 5168 6560 3297 6015 1088 4614 
12 2147 415 2760 2805 3689 1119 33 1813 8199 298 2609 1658 
9 3257 9503 9072 7056 684 6124 8230 2677 6 
11 8204 7275 9231 9548 5570 9943 5272 4991 3741 784 6750 
7 5658 5639 8394 4530 1936 8215 4399 
9 3433 4939 7650 7924 8881 9760 4172 6644 5376 
11 5717 3758 6245 4475 6114 1666 5561 8999 18 1087 8501 
10 1978 3566 97 2882 7330 8356 1035 9862 1882 6127 
11 3055 3655 9845 4913 7176 1416 3091 5197 9585 8934 5842 
9 7952 8099 5734 609 1108 1849 2454 6152 5423 
9 6850 935 5000 687 7367 5597 3702 831 2764 
10 1186 6597 5635 6540 6894 9865 7930 7059 2998 8625 
10 6724 6327 3669 4772 9748 4573 2759 4925 8726 1009 
10 6965 9011 494 3438 723 7050 8473 6217 5138 7450 
9 6645 7679 5556 5479 9672 2070 1847 7733 7878 
9 7150 320 5621 6362 588 8341 2499 2858 2337 
10 1113 624 6387 3320 6259 1007 7688 1367 702 5244 
8 622 230 9658 1533 9621 1481 2300 4241 
10 1721 8819 3828 9471 4175 7720 8986 6104 8202 1699 
8 1970 8239 1177 8845 7511 438 4122 9608 
9 7438 7988 3278 1229 4015 620 7368 3848 6311 
9 3685 9474 5350 9966 8906 1940 6616 446 2521 
10 6399 5764 6699 2684 1474 243 5475 2251 1705 7307 
10 7535 5064 5391 8357 7782 4380 360 6384 926 7568 
8 2556 680 2214 1615 14 8389 1354 7036 
10 5124 9687 4898 9533 8900 1333 5326 1180 4281 4432 
9 5426 8935 813 1400 6256 3277 7836 5653 2816 
10 6340 2480 6884 9929 2876 5152 592 301 1056 7053 
12 7711 332 4819 3722 9160 946 4415 8759 5762 2698 9714 5048 
11 1685 7037 2021 6543 6225 2283 8565 7744 6465 6687 6288 
10 5732 3439 5394 7707 9245 9381 8704 329 5412 7918 
11 507 5782 8334 183 4051 4952 1144 6032 4054 7157 3286 
12 7198 9071 5008 1947 1538 6075 1554 3056 3703 1663 3688 8147 
10 6794 8254 1102 524 5171 5346 2549 3676 5294 1633 
12 1512 4863 6907 3292 776 1428 6274 5365 5683 4753 9184 3941 
13 8029 6536 1046 285 8857 155 9644 3889 9861 6035 9831 9668 4577 
12 2589 5158 9836 1709 6495 4572 2630 6830 2474 1322 5877 8971 
13 568 9313 6173 8493 7579 1854 5062 5509 8702 8561 8201 6470 8120 
12 2735 212 952 5211 1132 8828 2342 7094 4862 323 7242 5225 
12 7020 6244 550 7630 7497 7510 2092 4174 324 3611 7476 1577 
10 726 4205 8667 9810 3296 6868 3503 441 8837 6212 
10 1992 7816 8620 7556 8061 7200 548 631 4069 6349 
13 1430 2122 5222 7610 1781 9322 7387 2003 6611 6999 143 994 6191 
10 3232 5021 194 7195 4439 3519 1582 5812 5198 6817 
12 5920 1835 6297 4012 2768 7363 8153 4235 6725 1077 488 8304 
11 5887 5815 4584 8481 9933 7671 7189 2902 6769 5020 4803 
11 2523 3740 9232 6680 7536 4482 1659 8107 3179 5664 4286 
12 1949 4078 6416 4569 8471 7408 9919 5736 7121 3853 9448 6063 
12 2056 7342 5809 6462 4121 4152 4385 2933 8891 1341 5652 1540 
11 3116 1326 209 9392 9153 9578 9726 3492 4900 464 2038 
14 7329 2695 8940 5260 1431 7788 5738 78 2546 9338 2822 7623 7467 2650 
12 2026 7380 2075 3216 3805 2155 9047 6501 9883 4261 7069 1829 
13 5693 3138 4507 2984 6562 3699 2285 9924 2487 3959 685 7393 4242 
13 9649 8892 5868 657 9478 5794 2004 558 5373 5980 6371 5471 3042 
12 3371 4107 5994 1561 4992 7699 9456 9788 5580 26 73 4239 
11 2132 2857 6793 3432 1889 5898 8822 4231 5895 579 2096 
12 493 5662 3624 7267 4000 5330 5384 189 4212 5637 9146 3048 
11 3990 977 6247 4433 9397 5080 6887 2405 8508 8113 1446 
12 1228 9495 5934 9199 8237 9682 9588 5518 3227 4751 4599 8441 
13 9084 8458 2495 1111 6381 3731 2561 1918 8231 3166 8923 8156 722 
14 1363 984 2330 2670 5502 2142 2263 5176 1280 9540 2136 4678 962 2658 
10 268 6966 7014 7125 8115 5223 1303 8538 2032 8870 
13 8086 4228 4854 7316 6974 5908 7643 8885 1542 6291 1579 9770 3120 
11 47 5457 4824 9376 4624 8936 1703 7859 762 8622 1935 
14 1209 2642 4494 6062 76 5250 698 2173 6214 9755 9398 5949 165 6761 
12 6694 2782 871 7926 2923 5763 2124 1225 4808 6717 5819 1185 
9 6567 6630 9826 880 8121 1462 3868 5758 1645 
12 7934 2706 2680 2063 2749 9664 9295 7775 5322 9765 6795 669 
10 9497 2893 3534 8995 2162 288 3594 9997 2773 2509 
12 1524 9100 967 9784 539 985 2406 9756 4812 8619 2376 9829 
12 4877 3090 8188 6306 1034 6755 3472 2202 1878 8249 3229 4563 
12 400 6563 1346 928 8549 4340 6972 2478 2204 5536 1092 247 
13 8342 856 7811 4840 5320 3060 651 2370 1219 2697 2144 6676 8235 
12 2031 8194 2966 5094 686 8170 2071 7672 2592 1204 8666 9759 
11 4953 5847 2645 9083 815 4436 4431 2637 2608 7673 9849 
11 7768 2470 2240 7627 7588 6678 5103 4672 4510 4820 7986 
10 8902 4123 6301 7090 1033 5608 6287 8838 5232 535 
14 8292 4511 35 6133 8820 1772 43 7248 9741 5178 5505 2612 3591 3643 
13 4379 6239 7019 991 2433 5532 538 4931 3917 9653 1074 7051 2836 
13 8564 210 5830 7078 5470 8010 3001 9542 8056 7850 3718 1722 6302 
15 8509 3396 1755 6009 7490 2247 7546 1623 3363 9708 3637 393 707 6087 6675 
14 4687 7657 8448 3169 9659 4730 1780 5660 5053 2936 4956 898 54 7700 
11 4788 3512 6618 7659 6116 8006 9903 5961 3081 2922 5840 
14 734 7319 7102 141 21 8344 4144 2091 367 427 4752 2326 1923 3259 
14 8566 2216 2128 4074 7757 3682 2668 9856 3143 4971 3046 4210 2964 3619 
14 6160 5626 156 6582 7142 6102 80 2018 2889 351 7031 6300 6782 6113 
10 9586 3181 5801 5098 2894 4548 1 5431 4799 4542 
12 3368 8298 8798 4204 1094 5221 9798 1899 911 269 8641 7756 
13 3537 3952 582 7194 578 3680 2844 8914 9998 9336 6895 1931 2627 
11 3398 1553 1944 8284 6431 7747 788 470 188 7705 9024 
11 7557 2315 8526 7352 3900 5151 822 6335 6482 8740 9614 
12 6550 921 6674 7071 2416 9739 5820 1026 1486 6768 6631 6534 
11 1142 2178 9238 1525 6282 4603 1321 6936 3304 8411 2134 
12 3779 4274 5380 7520 1925 8633 3728 7478 559 750 6154 9721 
16 3773 2338 7191 1051 6662 9894 4773 5484 2690 4468 8224 706 2196 8825 5960 8543 
14 8024 5540 7663 3829 4072 1551 4082 5430 5506 3441 5401 9827 6417 8308 
13 9402 6409 4857 1818 7250 105 6325 8623 8097 3864 4570 7731 3630 
15 1860 6155 9179 5465 6602 5347 4625 604 3634 1358 2629 9004 3533 7241 4841 
13 3540 6004 7555 7296 8009 2462 9453 6184 5 7192 3791 6445 1479 
14 1024 5017 938 9026 2368 5181 1342 179 8095 9484 8110 1156 7589 60 
11 2742 9833 9152 4345 3496 8469 9697 4901 7898 3478 1300 
11 3338 3323 4561 2765 3209 2524 2911 1895 3322 6010 8468 
13 2754 8506 7277 2729 3940 9547 6146 3548 5749 4442 5563 1060 8453 
14 4080 1866 8410 4358 7210 3210 3006 3502 8904 7518 1983 1764 6545 869 
13 497 5287 4832 8767 7521 8851 2428 7706 2970 3771 5118 8414 1801 
13 4657 3570 8609 6452 7516 1806 1819 2527 4612 3031 5900 8959 8802 
14 6669 7174 957 9513 2461 442 1464 4381 8525 4972 4162 5676 6342 4795 
15 2774 1323 533 7193 8464 5161 4768 561 6363 9081 6511 6112 8365 8808 3914 
14 3527 7000 3445 6066 8064 8672 9135 6880 198 6249 9895 5889 1976 6323 
