4 0 96 45 169
3 167 277 255 
4 296 32 124 132 
3 216 282 250 
3 180 174 223 
4 36 53 138 52 
4 221 188 139 130 
3 65 29 20 
3 234 232 98 
3 168 166 16 
3 33 244 141 
3 108 230 112 
3 179 102 196 
3 116 128 238 
3 85 204 78 
3 34 214 31 
3 164 172 266 
3 54 146 55 
3 99 284 264 
3 87 28 265 
3 184 241 242 
3 249 222 51 
3 275 40 106 
3 41 217 155 
3 75 185 59 
3 110 121 145 
3 103 239 152 
3 72 14 182 
3 7 202 115 
3 80 50 104 
3 212 158 71 
3 294 122 12 
3 88 271 228 
3 148 295 142 
3 4 68 280 
3 134 64 292 
3 8 157 289 
3 161 26 154 
3 286 82 67 
3 299 111 100 
3 24 254 192 
3 127 11 186 
3 259 191 288 
3 13 253 297 
3 133 243 215 
3 162 3 66 
3 246 236 17 
3 210 268 43 
3 62 86 176 
3 203 27 120 
3 159 209 252 
3 136 207 251 
3 260 258 206 
3 95 117 126 
3 58 89 272 
3 92 298 256 
3 276 61 30 
3 290 197 231 
3 220 163 262 
3 193 170 47 
3 227 160 229 
3 273 195 97 
3 137 73 143 
3 218 177 1 
3 15 23 37 
3 107 114 123 
3 105 22 233 
3 171 237 240 
3 74 140 270 
3 56 109 279 
3 144 269 94 
3 150 147 135 
3 225 48 194 
3 18 190 69 
3 285 90 189 
3 60 76 293 
3 156 93 149 
3 263 6 46 
3 187 42 178 
3 125 283 208 
3 44 101 9 
3 198 131 257 
3 38 10 49 
3 261 25 153 
3 19 70 173 
3 200 83 211 
3 63 119 247 
3 129 235 278 
3 57 5 77 
3 267 287 151 
3 113 118 84 
3 21 201 165 
3 79 81 274 
2 224 205 
2 213 35 
2 91 219 
3 281 248 175 
3 245 291 2 
3 226 199 183 
2 39 181
